StartTime: 2020-12-22 22:53:29.231
address	Time(s)	ChipTime	ax(g)	ay(g)	az(g)	wx(deg/s)	wy(deg/s)	wz(deg/s)	AngleX(deg)	AngleY(deg)	AngleZ(deg)	T(°)	Voltage(v)	hx	hy	hz	q0	q1	q2	q3
0x50	 22:53:29.231	 2020-11-06 15:22:41.400	0,1221	0,1323	0,9736	-0,3662	0,7324	1,2817	7,9980	-7,2400	161,6473	21,91	3,72	-110	242	-275	0,15439	0,07330	0,05869	0,98352
0x50	 22:53:29.316	 2020-11-06 15:22:41.500	0,1357	0,1221	0,9785	1,4648	-5,3101	-1,2817	7,9651	-7,2675	161,6364	21,94	3,72	-108	241	-273	0,15451	0,07349	0,05832	0,98352
0x50	 22:53:29.422	 2020-11-06 15:22:41.600	0,1387	0,1475	0,9697	2,5024	-4,2114	4,6997	8,2397	-7,8003	161,7847	21,95	3,72	-108	242	-272	0,15262	0,07831	0,06006	0,98334
0x50	 22:53:29.528	 2020-11-06 15:22:41.700	0,1235	0,1450	0,9751	0,1221	1,8921	0,9766	8,1903	-8,1024	162,0099	21,95	3,72	-110	240	-273	0,15054	0,08072	0,05936	0,98349
0x50	 22:53:29.640	 2020-11-06 15:22:41.800	0,1626	0,1455	0,9600	-1,4648	3,6621	-0,1221	8,1299	-7,8442	162,0264	21,95	3,72	-111	243	-271	0,15060	0,07843	0,05920	0,98367
0x50	 22:53:29.720	 2020-11-06 15:22:41.900	0,1270	0,1333	0,9468	1,1597	2,3804	1,7090	8,1189	-7,6245	162,1582	21,92	3,72	-110	243	-271	0,14966	0,07651	0,05951	0,98395
0x50	 22:53:29.825	 2020-11-06 15:22:42.000	0,1431	0,0752	0,9751	-2,4414	2,3804	0,9766	8,3276	-6,9983	162,4658	21,93	3,72	-106	243	-273	0,14734	0,07123	0,06238	0,98453
0x50	 22:53:29.929	 2020-11-06 15:22:42.100	0,1470	0,1504	0,9453	2,1362	4,4556	-2,8076	8,4100	-6,7236	162,2186	21,98	3,72	-106	242	-276	0,14960	0,06909	0,06326	0,98428
0x50	 22:53:30.036	 2020-11-06 15:22:42.200	0,0830	0,1230	1,0732	-2,1973	-8,2397	3,5400	8,5419	-5,4053	162,4109	21,98	3,72	-102	241	-279	0,14880	0,05786	0,06631	0,98492
0x50	 22:53:30.113	 2020-11-06 15:22:42.300	0,0850	0,1519	0,9863	1,6479	0,1831	2,2583	8,5474	-5,7239	162,3230	21,96	3,72	-101	240	-278	0,14932	0,06064	0,06589	0,98471
0x50	 22:53:30.222	 2020-11-06 15:22:42.400	0,0645	0,1426	0,9937	-1,1597	-1,0986	-1,4648	8,4320	-5,7184	162,1637	21,94	3,72	-106	242	-276	0,15073	0,06055	0,06485	0,98456
0x50	 22:53:30.355	 2020-11-06 15:22:42.500	0,1318	0,1333	0,9673	-0,6104	4,2725	-2,3193	8,4540	-5,5042	162,0703	21,97	3,72	-103	240	-273	0,15167	0,05878	0,06528	0,98450
0x50	 22:53:30.412	 2020-11-06 15:22:42.600	0,0410	0,1729	1,1133	8,7280	8,9111	-1,2817	8,5638	-4,5209	161,8341	21,95	3,72	-97	241	-278	0,15436	0,05060	0,06744	0,98441
0x50	 22:53:30.519	 2020-11-06 15:22:42.700	0,1030	0,1646	1,0005	5,6152	-0,6714	-1,2207	9,1077	-4,6088	161,7242	21,97	3,72	-99	237	-279	0,15497	0,05222	0,07199	0,98389
0x50	 22:53:30.618	 2020-11-06 15:22:42.800	0,0752	0,1802	0,9531	4,1504	-7,2632	0,4272	9,9866	-5,4822	161,6144	21,97	3,72	-106	235	-280	0,15482	0,06094	0,07819	0,98294
0x50	 22:53:30.724	 2020-11-06 15:22:42.900	0,1187	0,1763	0,9277	6,2866	-4,4556	-2,1973	10,5634	-6,3501	161,1530	21,97	3,72	-106	231	-277	0,15768	0,06949	0,08163	0,98163
0x50	 22:53:30.810	 2020-11-06 15:22:43.000	0,1250	0,1753	0,9507	3,2959	-11,5967	-4,5166	11,0632	-6,7621	160,7410	21,99	3,72	-109	229	-275	0,16052	0,07401	0,08505	0,98056
0x50	 22:53:30.925	 2020-11-06 15:22:43.100	0,1289	0,2251	0,9775	2,0142	0,2441	2,7466	11,3544	-7,0587	160,6696	21,98	3,72	-110	227	-274	0,16074	0,07697	0,08707	0,98010
0x50	 22:53:31.020	 2020-11-06 15:22:43.200	0,1523	0,2026	0,9951	7,0190	-6,1035	2,1362	11,9092	-7,1466	160,8893	22,00	3,72	-108	228	-275	0,15839	0,07831	0,09180	0,97995
0x50	 22:53:31.129	 2020-11-06 15:22:43.300	0,1113	0,1621	0,9346	0,6104	-6,7139	2,1973	12,1838	-7,7179	161,2244	21,96	3,72	-107	223	-275	0,15475	0,08331	0,09357	0,97995
0x50	 22:53:31.213	 2020-11-06 15:22:43.400	0,1226	0,2046	0,9243	0,7324	5,2490	0,4272	12,2168	-7,7948	161,2463	22,02	3,72	-107	221	-275	0,15445	0,08401	0,09372	0,97992
0x50	 22:53:31.333	 2020-11-06 15:22:43.500	0,1479	0,1968	0,8760	1,8921	30,5176	0,7935	12,4200	-6,3831	161,6748	21,96	3,72	-108	221	-279	0,15204	0,07184	0,09781	0,98087
0x50	 22:53:31.444	 2020-11-06 15:22:43.600	0,1353	0,2520	0,9102	-5,6763	-2,5635	-12,9395	11,7883	-5,9711	161,2463	21,95	3,72	-101	221	-278	0,15656	0,06781	0,09274	0,98096
0x50	 22:53:31.514	 2020-11-06 15:22:43.700	0,0977	0,1953	0,9199	4,0894	4,1504	2,5024	11,9476	-5,8942	161,3947	21,98	3,72	-104	224	-277	0,15521	0,06726	0,09430	0,98105
0x50	 22:53:31.616	 2020-11-06 15:22:43.800	0,0898	0,2319	0,8931	-0,9155	20,0806	1,8921	12,3322	-4,7351	161,8781	22,05	3,72	-103	224	-282	0,15204	0,05746	0,09955	0,98166
0x50	 22:53:31.704	 2020-11-06 15:22:43.900	0,0820	0,1943	0,9009	-0,3662	-1,1597	-3,6621	11,5851	-3,6090	161,5540	22,01	3,72	-96	224	-281	0,15619	0,04709	0,09454	0,98206
0x50	 22:53:31.830	 2020-11-06 15:22:44.000	0,0708	0,2114	0,9482	0,7324	9,7046	1,3428	11,5686	-3,1476	161,6858	22,05	3,72	-93	224	-282	0,15552	0,04300	0,09512	0,98227
0x50	 22:53:31.908	 2020-11-06 15:22:44.100	0,0420	0,1870	0,9287	-0,9155	35,2173	-1,8311	11,6071	-1,1096	162,1692	22,02	3,72	-85	224	-286	0,15314	0,02518	0,09842	0,98294
0x50	 22:53:32.017	 2020-11-06 15:22:44.200	-0,0781	0,2134	1,0361	1,8921	26,3062	3,0518	11,8762	2,4884	162,7734	21,99	3,72	-75	225	-292	0,15109	-0,00589	0,10550	0,98285
0x50	 22:53:32.106	 2020-11-06 15:22:44.300	-0,0420	0,2114	0,9727	-1,3428	0,9155	-2,3193	11,7059	3,3124	162,6855	22,03	3,72	-67	226	-297	0,15256	-0,01309	0,10510	0,98257
0x50	 22:53:32.209	 2020-11-06 15:22:44.400	-0,0728	0,1963	0,9619	0,1221	2,9907	0,9766	11,6290	3,4991	162,6910	22,01	3,72	-63	225	-296	0,15265	-0,01480	0,10468	0,98260
0x50	 22:53:32.314	 2020-11-06 15:22:44.500	-0,0649	0,2051	0,9751	1,2207	6,6528	0,7935	11,7389	4,0649	162,7899	22,01	3,72	-65	227	-298	0,15228	-0,01959	0,10632	0,98239
0x50	 22:53:32.414	 2020-11-06 15:22:44.600	-0,0874	0,1963	0,9761	-0,1831	1,7700	0,4883	11,8103	4,4989	162,8943	22,01	3,72	-60	226	-299	0,15176	-0,02335	0,10748	0,98227
0x50	 22:53:32.524	 2020-11-06 15:22:44.700	-0,0771	0,2085	0,9858	0,7324	4,2725	-0,7324	11,8213	4,7955	162,8448	22,05	3,72	-58	225	-302	0,15247	-0,02582	0,10797	0,98203
0x50	 22:53:32.612	 2020-11-06 15:22:44.800	-0,0796	0,2178	0,9624	2,1973	-0,1221	-0,3052	11,9366	4,9603	162,7460	22,01	3,72	-59	225	-301	0,15344	-0,02695	0,10919	0,98172
0x50	 22:53:32.711	 2020-11-06 15:22:44.900	-0,1118	0,2041	0,9546	4,0283	15,6250	3,6011	12,4310	5,7404	163,0042	22,01	3,72	-56	222	-301	0,15204	-0,03326	0,11432	0,98117
0x50	 22:53:32.797	 2020-11-06 15:22:45.000	-0,1445	0,2358	0,9595	6,0425	20,6909	0,9766	12,9364	7,4213	163,3832	22,01	3,72	-50	223	-303	0,15048	-0,04736	0,12054	0,98007
0x50	 22:53:32.915	 2020-11-06 15:22:45.100	-0,1460	0,2251	0,9663	2,1362	9,4604	0,3052	13,4033	8,8715	163,7567	21,98	3,72	-41	222	-306	0,14880	-0,05960	0,12607	0,97897
0x50	 22:53:33.014	 2020-11-06 15:22:45.200	-0,1816	0,2290	0,9736	4,1504	16,2354	4,2114	13,9856	10,3491	164,1687	22,01	3,72	-32	217	-312	0,14700	-0,07199	0,13245	0,97757
0x50	 22:53:33.098	 2020-11-06 15:22:45.300	-0,2227	0,2563	0,9697	5,7983	16,7236	1,3428	14,6887	12,2827	164,5752	22,04	3,72	-23	214	-316	0,14587	-0,08807	0,14020	0,97534
0x50	 22:53:33.215	 2020-11-06 15:22:45.400	-0,2456	0,2637	0,9165	4,8218	17,6392	0,2441	15,2655	13,6890	164,9213	22,07	3,72	-13	214	-320	0,14478	-0,09979	0,14624	0,97348
0x50	 22:53:33.294	 2020-11-06 15:22:45.500	-0,2515	0,2480	0,9180	3,1128	12,0239	-0,5493	15,7379	15,1062	165,2399	22,08	3,72	-8	211	-320	0,14395	-0,11172	0,15134	0,97153
0x50	 22:53:33.395	 2020-11-06 15:22:45.600	-0,2832	0,2715	0,9146	3,9673	13,4277	1,6479	16,2048	16,4355	165,4816	22,08	3,72	0	208	-323	0,14377	-0,12277	0,15628	0,96942
0x50	 22:53:33.500	 2020-11-06 15:22:45.700	-0,3096	0,2803	0,9214	3,7842	11,9629	1,0376	16,7102	17,6276	165,8441	22,06	3,72	9	207	-326	0,14252	-0,13278	0,16116	0,96750
0x50	 22:53:33.605	 2020-11-06 15:22:45.800	-0,3184	0,2651	0,8965	3,4180	10,9253	0,9766	17,2046	18,7427	166,1627	22,08	3,72	15	206	-327	0,14163	-0,14206	0,16592	0,96548
0x50	 22:53:33.695	 2020-11-06 15:22:45.900	-0,3428	0,2759	0,8867	0,0610	10,8032	-2,4414	17,3969	19,8358	166,2231	22,08	3,72	18	202	-327	0,14264	-0,15115	0,16833	0,96356
0x50	 22:53:33.799	 2020-11-06 15:22:46.000	-0,3608	0,2749	0,8970	0,2441	7,5073	-0,7324	17,5562	20,8740	166,2231	22,05	3,72	23	202	-330	0,14398	-0,15976	0,17050	0,96158
0x50	 22:53:33.912	 2020-11-06 15:22:46.100	-0,3521	0,2881	0,8853	0,0000	4,0894	0,6104	17,6495	21,4069	166,2726	22,09	3,72	28	205	-330	0,14432	-0,16422	0,17160	0,96057
0x50	 22:53:33.995	 2020-11-06 15:22:46.200	-0,3828	0,2568	0,8940	-10,6201	3,8452	-9,2773	17,0728	21,9232	165,9979	22,08	3,72	30	203	-329	0,14633	-0,16891	0,16754	0,96017
0x50	 22:53:34.098	 2020-11-06 15:22:46.300	-0,3809	0,2534	0,8877	-6,7139	4,4556	-2,4414	16,0455	22,5714	165,3387	22,12	3,72	31	211	-328	0,15097	-0,17474	0,16046	0,95963
0x50	 22:53:34.205	 2020-11-06 15:22:46.400	-0,3926	0,2725	0,8799	1,3428	2,9297	-2,2583	15,6226	23,0878	164,9762	22,11	3,72	32	211	-323	0,15381	-0,17914	0,15793	0,95877
0x50	 22:53:34.308	 2020-11-06 15:22:46.500	-0,4233	0,2114	0,9150	-15,1367	12,8784	-0,2441	15,1007	24,0710	165,3552	22,05	3,72	38	216	-324	0,15073	-0,18866	0,15381	0,95813
0x50	 22:53:34.396	 2020-11-06 15:22:46.600	-0,4126	0,2222	0,9116	-8,4229	0,4272	-5,6763	13,8647	24,5599	164,8059	22,12	3,72	42	221	-324	0,15363	-0,19370	0,14481	0,95804
0x50	 22:53:34.497	 2020-11-06 15:22:46.700	-0,4175	0,1865	0,8687	-6,2866	2,1973	-2,8687	13,1946	24,6204	164,3719	22,08	3,72	39	225	-325	0,15616	-0,19455	0,14001	0,95819
0x50	 22:53:34.603	 2020-11-06 15:22:46.800	-0,4214	0,2183	0,8594	-1,2207	-0,4883	0,8545	12,7112	24,6753	164,0424	22,08	3,72	41	226	-318	0,15817	-0,19528	0,13660	0,95819
0x50	 22:53:34.711	 2020-11-06 15:22:46.900	-0,4268	0,1909	0,8809	-5,1270	3,1128	-2,2583	12,3047	25,0378	163,8501	22,12	3,72	39	230	-320	0,15933	-0,19867	0,13388	0,95770
0x50	 22:53:34.792	 2020-11-06 15:22:47.000	-0,4277	0,1890	0,8926	-11,4746	4,1504	-9,0942	10,8875	25,6970	163,1744	22,09	3,72	42	236	-319	0,16281	-0,20547	0,12390	0,95700
0x50	 22:53:34.898	 2020-11-06 15:22:47.100	-0,4326	0,1406	0,9033	-3,2959	2,1973	0,9155	10,1953	26,2079	163,1360	22,12	3,72	44	242	-318	0,16217	-0,21069	0,11871	0,95663
0x50	 22:53:35.000	 2020-11-06 15:22:47.200	-0,3877	0,1782	0,8071	-1,2207	-1,9531	9,2773	11,1676	25,6696	163,5590	22,12	3,72	42	235	-319	0,16013	-0,20523	0,12552	0,95731
0x50	 22:53:35.105	 2020-11-06 15:22:47.300	-0,4346	0,1855	0,8521	-7,8735	3,6011	-5,3711	10,2667	25,9003	162,8119	22,10	3,72	44	236	-320	0,16486	-0,20767	0,11960	0,95673
0x50	 22:53:35.197	 2020-11-06 15:22:47.400	-0,4365	0,1606	0,8647	-17,4561	6,5918	-1,4038	9,1296	26,4880	162,5482	22,08	3,72	43	243	-314	0,16519	-0,21399	0,11121	0,95630
0x50	 22:53:35.306	 2020-11-06 15:22:47.500	-0,4785	0,0483	0,9058	-8,5449	15,5029	10,1929	7,7014	28,1744	163,9819	22,08	3,72	50	254	-307	0,15100	-0,23141	0,09833	0,95599
0x50	 22:53:35.404	 2020-11-06 15:22:47.600	-0,4648	0,1143	0,8560	-10,0098	5,3101	-1,7090	6,8829	28,7897	163,7073	22,11	3,72	58	259	-306	0,15176	-0,23743	0,09271	0,95496
0x50	 22:53:35.516	 2020-11-06 15:22:47.700	-0,4907	0,1016	0,8823	0,1221	4,3335	2,3193	6,5094	29,3115	163,6469	22,12	3,72	60	262	-305	0,15155	-0,24222	0,09030	0,95401
0x50	 22:53:35.609	 2020-11-06 15:22:47.800	-0,4897	0,1250	0,8496	0,0000	2,3193	4,2725	6,6632	29,5477	163,6688	22,08	3,72	60	264	-307	0,15173	-0,24399	0,09180	0,95340
0x50	 22:53:35.700	 2020-11-06 15:22:47.900	-0,4873	0,0825	0,8379	-0,7324	5,0659	3,1128	6,9983	29,7894	164,2017	22,09	3,72	62	263	-307	0,14807	-0,24603	0,09366	0,95328
0x50	 22:53:35.812	 2020-11-06 15:22:48.000	-0,5063	0,1104	0,8730	-0,2441	6,0425	0,6104	6,8335	30,5090	164,1742	22,10	3,72	64	263	-304	0,14807	-0,25223	0,09314	0,95169
0x50	 22:53:35.887	 2020-11-06 15:22:48.100	-0,5010	0,1104	0,8608	2,3193	-2,1362	3,1128	6,9983	30,5969	164,3005	22,11	3,72	69	266	-305	0,14737	-0,25287	0,09427	0,95154
0x50	 22:53:35.989	 2020-11-06 15:22:48.200	-0,5029	0,0986	0,8389	0,6714	-5,1880	1,5259	7,1686	30,2179	164,3225	22,14	3,72	68	264	-306	0,14752	-0,24948	0,09528	0,95230
0x50	 22:53:36.094	 2020-11-06 15:22:48.300	-0,4980	0,0874	0,8584	-0,6104	-7,2632	-5,7373	6,9049	29,6466	163,8391	22,15	3,72	66	262	-303	0,15088	-0,24466	0,09354	0,95322
0x50	 22:53:36.222	 2020-11-06 15:22:48.400	-0,4824	0,0986	0,8408	-0,0610	-8,3008	-2,9907	6,4709	28,7677	162,7350	22,11	3,72	63	263	-308	0,15900	-0,23703	0,09131	0,95401
0x50	 22:53:36.291	 2020-11-06 15:22:48.500	-0,4546	0,0508	0,8618	1,2207	-6,5308	-1,1597	6,7017	28,0481	162,7350	22,16	3,72	57	264	-306	0,15936	-0,23065	0,09238	0,95541
0x50	 22:53:36.394	 2020-11-06 15:22:48.600	-0,4551	0,1143	0,9028	3,2959	-10,9863	1,2207	6,8939	27,4164	162,6416	22,12	3,72	53	261	-309	0,16040	-0,22504	0,09344	0,95648
0x50	 22:53:36.486	 2020-11-06 15:22:48.700	-0,4429	0,1079	0,8926	2,3804	-18,6157	-7,3242	6,4655	26,1749	161,5594	22,18	3,72	48	261	-307	0,16840	-0,21436	0,09042	0,95786
0x50	 22:53:36.590	 2020-11-06 15:22:48.800	-0,4360	0,0332	0,8887	-1,5259	-7,8735	-9,0332	5,9161	25,3180	160,6531	22,16	3,72	39	259	-309	0,17484	-0,20731	0,08643	0,95862
0x50	 22:53:36.694	 2020-11-06 15:22:48.900	-0,4097	0,1274	0,8882	4,7607	-9,2773	-18,3105	4,9054	24,6533	158,2251	22,14	3,72	31	264	-311	0,19330	-0,20157	0,08136	0,95673
0x50	 22:53:36.795	 2020-11-06 15:22:49.000	-0,4199	0,1050	0,9336	9,8877	-13,1226	-3,2959	5,0208	23,9392	157,5055	22,15	3,72	20	263	-309	0,19949	-0,19485	0,08246	0,95676
0x50	 22:53:36.899	 2020-11-06 15:22:49.100	-0,3628	0,0591	0,9136	13,7329	-11,7188	18,7378	7,4323	22,0605	159,1315	22,17	3,72	14	255	-313	0,18954	-0,17627	0,09717	0,96100
0x50	 22:53:36.991	 2020-11-06 15:22:49.200	-0,3218	-0,0186	0,8389	-8,1787	-6,8970	-14,1602	7,5146	20,5170	159,5380	22,19	3,72	11	253	-314	0,18588	-0,16342	0,09506	0,96420
0x50	 22:53:37.098	 2020-11-06 15:22:49.300	-0,3838	0,1064	0,9370	-2,5024	7,2021	-2,9907	6,8005	21,1047	158,8293	22,16	3,72	7	253	-311	0,19092	-0,16901	0,09091	0,96265
0x50	 22:53:37.183	 2020-11-06 15:22:49.400	-0,3379	0,1235	0,9194	6,2866	-6,4087	9,2163	7,4597	20,7806	159,2029	22,20	3,72	9	252	-308	0,18866	-0,16550	0,09543	0,96326
0x50	 22:53:37.309	 2020-11-06 15:22:49.500	-0,3228	0,1582	0,9561	16,0522	-17,5171	13,1836	8,6407	19,6051	159,9829	22,17	3,72	7	248	-311	0,18335	-0,15430	0,10263	0,96539
0x50	 22:53:37.394	 2020-11-06 15:22:49.600	-0,2896	0,1475	0,9390	9,6436	-23,0103	12,8784	10,3986	17,2211	161,4111	22,16	3,72	0	241	-313	0,17239	-0,13269	0,11252	0,96951
0x50	 22:53:37.496	 2020-11-06 15:22:49.700	-0,2573	0,1475	0,9092	-4,6387	-14,1602	1,7700	10,6952	15,2380	161,8121	22,15	3,72	-5	239	-313	0,16815	-0,11578	0,11206	0,97247
0x50	 22:53:37.597	 2020-11-06 15:22:49.800	-0,2598	0,1997	0,9326	-0,4272	-3,9673	1,8311	10,5579	14,6063	161,4056	22,12	3,72	-14	239	-312	0,17108	-0,11020	0,11050	0,97281
0x50	 22:53:37.685	 2020-11-06 15:22:49.900	-0,2495	0,1680	0,9604	1,1597	-2,1362	3,0518	10,7666	14,3921	161,7133	22,18	3,72	-13	235	-310	0,16852	-0,10837	0,11169	0,97333
0x50	 22:53:37.797	 2020-11-06 15:22:50.000	-0,2358	0,1777	1,0010	-0,0610	-11,5967	2,1973	10,9314	13,9417	161,8451	22,21	3,72	-12	236	-311	0,16727	-0,10440	0,11243	0,97388
0x50	 22:53:37.894	 2020-11-06 15:22:50.100	-0,2114	0,1826	0,9272	0,6104	-10,6201	2,3804	10,8820	12,5848	161,7627	22,17	3,72	-17	236	-312	0,16702	-0,09280	0,11038	0,97534
0x50	 22:53:37.999	 2020-11-06 15:22:50.200	-0,1948	0,1914	0,9351	5,3711	-10,3149	8,9111	11,3434	11,6235	162,0978	22,20	3,72	-24	235	-309	0,16388	-0,08423	0,11279	0,97635
0x50	 22:53:38.088	 2020-11-06 15:22:50.300	-0,2280	0,1973	1,0527	6,8970	-1,5259	4,2725	11,7609	11,3049	162,5702	22,20	3,72	-24	233	-309	0,15991	-0,08142	0,11563	0,97693
0x50	 22:53:38.203	 2020-11-06 15:22:50.400	-0,1323	0,1982	0,9150	11,7188	-8,5449	14,2212	13,5132	8,3496	164,2731	22,17	3,72	-29	230	-311	0,14398	-0,05560	0,12616	0,97992
0x50	 22:53:38.291	 2020-11-06 15:22:50.500	-0,1455	0,2075	0,9238	-1,8311	-1,5869	0,4272	13,7054	7,8827	164,4873	22,23	3,72	-31	228	-313	0,14178	-0,05154	0,12717	0,98032
0x50	 22:53:38.381	 2020-11-06 15:22:50.600	-0,1479	0,2554	0,9814	4,5776	-7,4463	5,1880	13,8867	7,4323	164,5258	22,17	3,72	-33	223	-309	0,14111	-0,04752	0,12820	0,98050
0x50	 22:53:38.486	 2020-11-06 15:22:50.700	-0,0757	0,2017	0,9609	-2,3193	-22,0947	1,9531	13,9526	5,9216	164,4818	22,20	3,72	-41	222	-307	0,14001	-0,03442	0,12711	0,98132
0x50	 22:53:38.587	 2020-11-06 15:22:50.800	-0,0781	0,2573	0,9829	4,2725	-18,9819	5,0049	14,1504	3,9551	164,1742	22,21	3,72	-51	221	-307	0,14075	-0,01697	0,12665	0,98175
0x50	 22:53:38.693	 2020-11-06 15:22:50.900	-0,0566	0,2124	0,9336	-8,4229	-5,4321	-5,1270	13,7878	2,6587	163,9984	22,21	3,72	-54	220	-303	0,14087	-0,00613	0,12207	0,98245
0x50	 22:53:38.794	 2020-11-06 15:22:51.000	-0,0269	0,1826	0,9868	-12,0850	-16,1743	-4,8218	13,2990	1,5436	163,4711	22,16	3,72	-59	222	-299	0,14429	0,00333	0,11649	0,98264
0x50	 22:53:38.892	 2020-11-06 15:22:51.100	0,0059	0,2290	0,9653	-9,2163	-18,4326	-8,3618	12,0465	-0,3406	162,0978	22,23	3,72	-70	230	-295	0,15439	0,01926	0,10321	0,98239
0x50	 22:53:39.019	 2020-11-06 15:22:51.200	0,0435	0,1626	0,9810	-3,3569	-19,0430	0,8545	11,6125	-1,7798	161,6144	22,22	3,72	-79	233	-290	0,15735	0,03143	0,09741	0,98221
0x50	 22:53:39.087	 2020-11-06 15:22:51.300	0,0537	0,1899	1,0010	-5,9204	-21,1792	-5,8594	10,9534	-3,5651	160,9277	22,20	3,72	-91	232	-283	0,16187	0,04633	0,08893	0,98169
0x50	 22:53:39.188	 2020-11-06 15:22:51.400	0,0776	0,1992	0,9932	-1,1597	-15,8691	-0,9155	10,7007	-5,2789	160,2795	22,24	3,72	-99	234	-282	0,16608	0,06113	0,08392	0,98062
0x50	 22:53:39.290	 2020-11-06 15:22:51.500	0,1187	0,1943	0,9507	-0,7935	-10,0098	-0,3052	10,6952	-6,9049	159,9829	22,16	3,72	-104	232	-275	0,16714	0,07523	0,08121	0,97968
0x50	 22:53:39.394	 2020-11-06 15:22:51.600	0,1631	0,1587	0,9214	-4,6997	-9,7046	-2,8076	10,4865	-8,0530	159,8346	22,24	3,72	-109	230	-272	0,16754	0,08481	0,07751	0,97913
0x50	 22:53:39.481	 2020-11-06 15:22:51.700	0,1802	0,1880	0,9629	1,8311	-21,6064	-0,3052	10,5743	-9,2285	159,5654	22,22	3,72	-112	231	-269	0,16870	0,09512	0,07617	0,97809
0x50	 22:53:39.575	 2020-11-06 15:22:51.800	0,1738	0,1553	0,9478	-4,4556	-24,2310	-5,3101	10,3217	-11,2775	158,9886	22,23	3,72	-122	232	-267	0,17200	0,11255	0,07016	0,97610
0x50	 22:53:39.689	 2020-11-06 15:22:51.900	0,1982	0,1802	0,9355	-0,7935	-7,0190	-0,0610	10,3162	-12,6782	158,5382	22,18	3,72	-130	231	-262	0,17450	0,12466	0,06732	0,97440
0x50	 22:53:39.776	 2020-11-06 15:22:52.000	0,1934	0,1665	0,9819	-2,1362	-1,0376	0,6104	10,1459	-13,0353	158,5052	22,23	3,72	-132	232	-257	0,17462	0,12750	0,06525	0,97415
0x50	 22:53:39.878	 2020-11-06 15:22:52.100	0,2988	0,1689	0,9136	2,3804	-25,5737	-0,4883	10,1074	-14,5789	158,2965	22,22	3,72	-133	232	-255	0,17499	0,14059	0,06204	0,97247
0x50	 22:53:39.980	 2020-11-06 15:22:52.200	0,2974	0,2031	0,9360	8,6060	-25,3296	4,8218	10,7611	-17,1771	158,2745	22,25	3,72	-141	228	-249	0,17172	0,16351	0,06305	0,96942
0x50	 22:53:40.086	 2020-11-06 15:22:52.300	0,2700	0,1909	0,9717	2,1973	-1,5869	1,7090	11,2280	-18,1274	158,5822	22,20	3,72	-147	227	-244	0,16742	0,17200	0,06580	0,96851
0x50	 22:53:40.179	 2020-11-06 15:22:52.400	0,3311	0,1855	0,8892	3,2959	-4,5776	3,8452	11,7279	-19,0009	158,9886	22,24	3,72	-147	225	-243	0,16226	0,17981	0,06912	0,96774
0x50	 22:53:40.287	 2020-11-06 15:22:52.500	0,3613	0,1738	0,9097	2,2583	-9,8877	1,5259	11,9476	-19,5502	159,2523	22,20	3,72	-150	228	-241	0,15906	0,18460	0,07047	0,96729
0x50	 22:53:40.371	 2020-11-06 15:22:52.600	0,3608	0,2114	0,9189	3,0518	-13,4277	1,7090	12,2717	-20,7751	159,3182	22,27	3,72	-152	225	-242	0,15652	0,19525	0,07129	0,96555
0x50	 22:53:40.474	 2020-11-06 15:22:52.700	0,3545	0,1948	0,9077	3,8452	-6,4697	3,4790	12,5409	-21,5552	159,5050	22,23	3,72	-156	225	-240	0,15359	0,20203	0,07251	0,96451
0x50	 22:53:40.579	 2020-11-06 15:22:52.800	0,3682	0,1938	0,9038	-0,5493	-7,7515	-0,6104	12,6892	-21,9727	159,6698	22,24	3,72	-156	225	-239	0,15143	0,20557	0,07333	0,96405
0x50	 22:53:40.684	 2020-11-06 15:22:52.900	0,3882	0,2134	0,9014	5,7373	-7,0190	3,5400	12,9144	-22,5659	159,7797	22,23	3,72	-155	223	-235	0,14935	0,21075	0,07446	0,96317
0x50	 22:53:40.767	 2020-11-06 15:22:53.000	0,3799	0,2129	0,8975	3,2959	2,4414	3,1738	13,2330	-23,0658	160,1202	22,27	3,72	-157	225	-232	0,14529	0,21509	0,07690	0,96265
0x50	 22:53:40.872	 2020-11-06 15:22:53.100	0,4033	0,2192	0,9019	-0,1221	-11,0474	1,1597	13,2495	-23,5602	160,2521	22,24	3,72	-161	224	-234	0,14349	0,21915	0,07648	0,96204
0x50	 22:53:40.977	 2020-11-06 15:22:53.200	0,4165	0,1807	0,8657	0,6714	-12,6953	1,5869	13,4418	-24,5599	160,3235	22,27	3,72	-161	224	-232	0,14124	0,22769	0,07657	0,96036
0x50	 22:53:41.090	 2020-11-06 15:22:53.300	0,4497	0,2144	0,8218	8,1787	-1,2207	6,3477	13,9032	-25,3839	160,5157	22,26	3,72	-164	223	-228	0,13760	0,23492	0,07947	0,95892
0x50	 22:53:41.171	 2020-11-06 15:22:53.400	0,4399	0,2256	0,8564	1,6479	-8,5449	0,4272	14,1339	-25,6531	160,8234	22,30	3,72	-165	222	-229	0,13422	0,23721	0,08157	0,95865
0x50	 22:53:41.277	 2020-11-06 15:22:53.500	0,4219	0,2051	0,9160	1,4038	-7,8735	2,8076	14,2822	-26,1475	160,9882	22,23	3,72	-164	219	-225	0,13187	0,24136	0,08237	0,95789
0x50	 22:53:41.378	 2020-11-06 15:22:53.600	0,4658	0,2168	0,8271	2,0752	-6,7749	3,2959	14,4250	-27,1252	160,8618	22,20	3,72	-167	221	-227	0,13123	0,24973	0,08170	0,95587
0x50	 22:53:41.480	 2020-11-06 15:22:53.700	0,4717	0,2124	0,8286	4,5776	-8,0566	3,1738	14,7711	-27,9437	160,9991	22,30	3,72	-169	223	-225	0,12817	0,25674	0,08353	0,95428
0x50	 22:53:41.583	 2020-11-06 15:22:53.800	0,4673	0,2505	0,8486	0,0000	-1,7090	-0,0610	14,9249	-28,4711	161,1969	22,26	3,72	-172	219	-222	0,12543	0,26114	0,08438	0,95337
0x50	 22:53:41.676	 2020-11-06 15:22:53.900	0,4819	0,2314	0,8281	0,6714	-2,8687	1,2817	15,0293	-28,7347	161,2463	22,28	3,72	-175	221	-220	0,12439	0,26340	0,08493	0,95285
0x50	 22:53:41.766	 2020-11-06 15:22:54.000	0,4790	0,2173	0,8652	2,6855	-7,0801	2,3193	15,2271	-29,0533	161,3947	22,27	3,72	-175	222	-220	0,12222	0,26608	0,08640	0,95224
0x50	 22:53:41.870	 2020-11-06 15:22:54.100	0,4937	0,2510	0,8169	2,4414	-2,8076	4,3945	15,3369	-29,8718	161,4606	22,28	3,72	-177	220	-217	0,12027	0,27289	0,08609	0,95059
0x50	 22:53:41.975	 2020-11-06 15:22:54.200	0,5049	0,2295	0,8423	-0,4883	-2,3804	0,2441	15,3918	-30,0861	161,4880	22,31	3,72	-176	221	-217	0,11957	0,27466	0,08627	0,95013
0x50	 22:53:42.117	 2020-11-06 15:22:54.300	0,5142	0,2295	0,8257	3,1128	-5,5542	2,0752	15,4688	-30,5145	161,5924	22,27	3,72	-174	218	-217	0,11789	0,27820	0,08649	0,94931
0x50	 22:53:42.180	 2020-11-06 15:22:54.400	0,5190	0,2324	0,7983	0,2441	-9,7656	0,8545	15,6281	-31,3550	161,5924	22,27	3,72	-178	224	-213	0,11627	0,28519	0,08640	0,94745
0x50	 22:53:42.285	 2020-11-06 15:22:54.500	0,5391	0,2427	0,8008	2,2583	-10,3149	2,6855	15,8807	-32,3163	161,4825	22,32	3,72	-184	220	-213	0,11505	0,29340	0,08664	0,94507
0x50	 22:53:42.371	 2020-11-06 15:22:54.600	0,5464	0,2256	0,7891	0,4272	-6,1035	0,6714	16,1664	-33,1677	161,4771	22,27	3,72	-184	220	-209	0,11304	0,30060	0,08752	0,94296
0x50	 22:53:42.483	 2020-11-06 15:22:54.700	0,5503	0,2305	0,7734	0,5493	-2,2583	0,2441	16,2323	-33,6182	161,4551	22,31	3,72	-186	221	-206	0,11234	0,30432	0,08728	0,94186
0x50	 22:53:42.570	 2020-11-06 15:22:54.800	0,5483	0,2339	0,8032	0,0610	-8,0566	0,4883	16,2817	-33,9038	161,4001	22,27	3,72	-186	223	-203	0,11221	0,30673	0,08707	0,94110
0x50	 22:53:42.691	 2020-11-06 15:22:54.900	0,5620	0,2339	0,7769	6,1646	-13,7939	4,6387	16,6498	-34,9091	161,3068	22,26	3,72	-186	223	-202	0,11038	0,31528	0,08807	0,93842
0x50	 22:53:42.781	 2020-11-06 15:22:55.000	0,5933	0,2163	0,7637	0,7935	-11,9019	0,6714	17,0288	-36,0187	161,3507	22,26	3,72	-188	220	-200	0,10715	0,32452	0,08942	0,93549
0x50	 22:53:42.867	 2020-11-06 15:22:55.100	0,6118	0,2515	0,7612	-0,6104	-15,1367	0,2441	17,2595	-37,3700	160,9277	22,31	3,72	-189	221	-200	0,10773	0,33591	0,08771	0,93158
0x50	 22:53:42.967	 2020-11-06 15:22:55.200	0,6152	0,2422	0,7612	-3,6011	-7,0801	0,4272	17,3364	-38,2544	160,6531	22,28	3,72	-192	219	-191	0,10822	0,34326	0,08594	0,92899
0x50	 22:53:43.072	 2020-11-06 15:22:55.300	0,6177	0,2354	0,7446	-8,1787	-12,4512	-2,5024	17,0728	-39,2322	159,9170	22,33	3,72	-195	220	-189	0,11331	0,35129	0,07980	0,92593
0x50	 22:53:43.181	 2020-11-06 15:22:55.400	0,6597	0,2344	0,6953	-11,3525	-10,6812	-0,1831	16,4575	-40,4626	158,9777	22,33	3,72	-200	222	-184	0,12070	0,36102	0,06964	0,92206
0x50	 22:53:43.263	 2020-11-06 15:22:55.500	0,6646	0,2295	0,7339	-8,9111	-9,2163	-3,9673	15,8533	-41,1108	158,7250	22,32	3,72	-199	223	-174	0,12357	0,36563	0,06271	0,92035
0x50	 22:53:43.365	 2020-11-06 15:22:55.600	0,6689	0,2090	0,7158	-1,7090	-5,0049	0,0000	15,8093	-41,6382	158,3789	22,31	3,72	-209	224	-171	0,12561	0,36990	0,06024	0,91855
0x50	 22:53:43.484	 2020-11-06 15:22:55.700	0,6646	0,1992	0,7085	-3,9063	-6,5308	-1,4038	15,7928	-42,2260	158,0548	22,30	3,72	-207	226	-169	0,12723	0,37466	0,05789	0,91653
0x50	 22:53:43.579	 2020-11-06 15:22:55.800	0,6704	0,1846	0,6958	-11,8408	-9,8267	-5,3101	15,5237	-42,8961	157,4451	22,32	3,72	-205	224	-168	0,13190	0,37988	0,05243	0,91406
0x50	 22:53:43.662	 2020-11-06 15:22:55.900	0,6592	0,1812	0,6792	-0,1221	6,5918	2,9907	15,2216	-43,0334	157,3846	22,32	3,72	-209	226	-163	0,13315	0,38065	0,04956	0,91373
0x50	 22:53:43.767	 2020-11-06 15:22:56.000	0,6826	0,2056	0,7026	1,5259	8,6670	0,4272	14,8315	-42,4457	157,7582	22,30	3,72	-207	227	-166	0,13239	0,37543	0,04883	0,91602
0x50	 22:53:43.875	 2020-11-06 15:22:56.100	0,6802	0,2007	0,7100	-0,7935	2,8687	0,1221	14,6997	-41,9183	158,1152	22,34	3,72	-207	227	-166	0,13083	0,37100	0,04996	0,91800
0x50	 22:53:43.961	 2020-11-06 15:22:56.200	0,6509	0,2051	0,7119	-0,9155	1,4648	-0,3052	14,5404	-41,6547	158,2416	22,28	3,72	-208	226	-166	0,13074	0,36868	0,04962	0,91895
0x50	 22:53:44.062	 2020-11-06 15:22:56.300	0,6401	0,1768	0,7212	0,9155	6,4697	1,7700	14,4305	-41,1823	158,5327	22,31	3,72	-206	226	-167	0,12955	0,36469	0,05054	0,92065
0x50	 22:53:44.172	 2020-11-06 15:22:56.400	0,6436	0,1919	0,7476	-0,8545	6,1035	0,1221	14,1394	-40,5176	158,8568	22,39	3,72	-205	230	-170	0,12888	0,35898	0,05045	0,92300
0x50	 22:53:44.255	 2020-11-06 15:22:56.500	0,6563	0,1841	0,7402	0,5493	6,9580	1,8311	13,9471	-39,7430	159,2908	22,32	3,72	-205	227	-174	0,12714	0,35242	0,05170	0,92569
0x50	 22:53:44.367	 2020-11-06 15:22:56.600	0,6489	0,2012	0,7354	5,9204	13,7329	3,9673	13,8867	-39,0619	159,7906	22,35	3,72	-202	229	-176	0,12433	0,34668	0,05392	0,92810
0x50	 22:53:44.473	 2020-11-06 15:22:56.700	0,6196	0,1743	0,7227	-1,8311	5,3711	0,2441	13,8483	-38,1281	160,3345	22,33	3,72	-196	228	-183	0,12140	0,33893	0,05688	0,93118
0x50	 22:53:44.576	 2020-11-06 15:22:56.800	0,5898	0,1934	0,8105	0,1221	5,6763	0,6104	13,7384	-37,1887	160,7025	22,36	3,72	-196	226	-182	0,12009	0,33112	0,05872	0,93405
0x50	 22:53:44.682	 2020-11-06 15:22:56.900	0,6021	0,1953	0,7510	-0,3662	7,7515	0,4883	13,5516	-36,5955	160,8618	22,34	3,72	-194	226	-189	0,12015	0,32608	0,05862	0,93582
0x50	 22:53:44.757	 2020-11-06 15:22:57.000	0,5952	0,1934	0,7695	-0,6104	1,0986	0,6714	13,3704	-36,3318	160,8783	22,36	3,72	-194	227	-187	0,12091	0,32373	0,05768	0,93658
0x50	 22:53:44.868	 2020-11-06 15:22:57.100	0,5942	0,2012	0,7627	-0,9155	6,6528	-0,4883	13,2495	-35,9912	160,9607	22,33	3,72	-192	229	-192	0,12103	0,32080	0,05750	0,93759
0x50	 22:53:44.970	 2020-11-06 15:22:57.200	0,5688	0,1748	0,7393	0,1221	13,0615	0,5493	13,1561	-35,1178	161,2079	22,38	3,72	-193	228	-192	0,12048	0,31351	0,05884	0,94006
0x50	 22:53:45.064	 2020-11-06 15:22:57.300	0,5596	0,2095	0,8027	1,5869	7,3853	0,9155	12,9584	-33,9862	161,3617	22,42	3,72	-192	229	-193	0,12128	0,30405	0,05948	0,94302
0x50	 22:53:45.165	 2020-11-06 15:22:57.400	0,5542	0,1978	0,8071	-1,2817	-0,8545	-0,7935	12,7716	-33,7335	161,2738	22,35	3,72	-185	227	-197	0,12283	0,30185	0,05811	0,94360
0x50	 22:53:45.270	 2020-11-06 15:22:57.500	0,5503	0,1924	0,8115	-0,8545	2,2583	1,1597	12,7441	-33,5083	161,3232	22,38	3,72	-188	229	-199	0,12277	0,29996	0,05841	0,94418
0x50	 22:53:45.356	 2020-11-06 15:22:57.600	0,5293	0,1694	0,8052	-2,0752	5,6152	-1,0376	12,5684	-33,1842	161,3177	22,37	3,72	-189	229	-199	0,12372	0,29712	0,05743	0,94504
0x50	 22:53:45.455	 2020-11-06 15:22:57.700	0,5708	0,1782	0,7202	-5,8594	9,5215	-3,4180	12,3816	-32,6953	161,3013	22,40	3,72	-188	229	-198	0,12500	0,29294	0,05667	0,94620
0x50	 22:53:45.558	 2020-11-06 15:22:57.800	0,5308	0,2095	0,8242	-10,3760	2,0142	-6,3477	11,0632	-31,3605	160,3345	22,35	3,72	-188	229	-201	0,13797	0,28091	0,04550	0,94864
0x50	 22:53:45.665	 2020-11-06 15:22:57.900	0,5200	0,1680	0,7891	1,8311	11,6577	0,7324	10,9698	-30,6848	160,4993	22,36	3,72	-183	230	-203	0,13760	0,27518	0,04623	0,95035
0x50	 22:53:45.791	 2020-11-06 15:22:58.000	0,4751	0,1465	0,8643	1,0376	4,7607	1,1597	10,6897	-29,2181	160,6750	22,38	3,72	-181	232	-206	0,13852	0,26273	0,04672	0,95370
0x50	 22:53:45.859	 2020-11-06 15:22:58.100	0,4844	0,1665	0,8525	0,1221	0,9766	0,5493	10,5579	-28,7842	160,7135	22,34	3,72	-182	231	-209	0,13895	0,25894	0,04642	0,95468
0x50	 22:53:45.960	 2020-11-06 15:22:58.200	0,4795	0,1719	0,8960	-0,4883	4,6997	0,2441	10,4645	-28,4711	160,8618	22,39	3,72	-177	231	-209	0,13831	0,25616	0,04648	0,95554
0x50	 22:53:46.070	 2020-11-06 15:22:58.300	0,4683	0,1675	0,8228	-0,4883	6,1035	1,4648	10,4810	-28,3173	160,9607	22,38	3,72	-178	234	-209	0,13763	0,25488	0,04706	0,95596
0x50	 22:53:46.173	 2020-11-06 15:22:58.400	0,4639	0,1709	0,8306	-0,8545	2,7466	0,7324	10,3656	-27,9382	161,0321	22,39	3,72	-178	234	-210	0,13770	0,25159	0,04684	0,95682
0x50	 22:53:46.259	 2020-11-06 15:22:58.500	0,4473	0,1392	0,8789	-4,8828	6,5308	-2,6855	10,0690	-27,1252	161,1475	22,38	3,72	-173	233	-213	0,13824	0,24442	0,04593	0,95865
0x50	 22:53:46.365	 2020-11-06 15:22:58.600	0,4263	0,2012	0,9937	-0,4883	1,0986	-0,9155	9,5032	-26,2463	160,8344	22,35	3,72	-173	231	-213	0,14297	0,23657	0,04190	0,96011
0x50	 22:53:46.447	 2020-11-06 15:22:58.700	0,4321	0,1699	0,9224	-0,6714	9,2773	-0,6104	9,4043	-25,8563	160,9277	22,42	3,72	-174	233	-215	0,14279	0,23312	0,04184	0,96097
0x50	 22:53:46.557	 2020-11-06 15:22:58.800	0,4287	0,1689	0,8613	0,7935	7,3242	2,0752	9,4537	-25,3729	161,1365	22,40	3,72	-172	236	-218	0,14145	0,22910	0,04346	0,96207
0x50	 22:53:46.665	 2020-11-06 15:22:58.900	0,4185	0,1455	0,8481	-7,1411	2,5024	-2,1973	9,2175	-24,8676	161,1639	22,41	3,72	-169	233	-220	0,14218	0,22458	0,04233	0,96307
0x50	 22:53:46.763	 2020-11-06 15:22:59.000	0,4287	0,1421	0,8945	-0,0610	2,0752	0,9766	9,0417	-24,4611	161,0925	22,42	3,72	-168	235	-220	0,14352	0,22101	0,04132	0,96375
0x50	 22:53:46.860	 2020-11-06 15:22:59.100	0,4102	0,1592	0,8960	4,8218	8,7891	1,3428	9,1132	-23,9337	161,3287	22,42	3,72	-166	237	-219	0,14188	0,21658	0,04315	0,96490
0x50	 22:53:46.967	 2020-11-06 15:22:59.200	0,3843	0,1543	0,8789	5,2490	6,4697	2,5024	9,4098	-23,2361	161,5540	22,46	3,72	-164	233	-225	0,14014	0,21100	0,04712	0,96622
0x50	 22:53:47.069	 2020-11-06 15:22:59.300	0,3691	0,1431	0,8838	-2,8687	14,6484	1,8921	9,3329	-21,9836	162,0154	22,40	3,72	-162	232	-227	0,13754	0,20020	0,04919	0,96878
0x50	 22:53:47.145	 2020-11-06 15:22:59.400	0,1782	0,2700	1,2222	5,5542	29,2358	7,3242	8,9099	-18,9404	162,5757	22,39	3,72	-154	234	-235	0,13626	0,17374	0,05087	0,97397
0x50	 22:53:47.255	 2020-11-06 15:22:59.500	0,3442	0,1846	0,9473	-3,1738	2,3804	-1,4648	8,6682	-18,6273	162,3999	22,43	3,72	-152	236	-240	0,13843	0,17093	0,04901	0,97427
0x50	 22:53:47.356	 2020-11-06 15:22:59.600	0,3188	0,1426	0,9150	-0,4883	3,4180	1,8921	8,6792	-18,6163	162,4329	22,40	3,72	-151	236	-242	0,13809	0,17081	0,04919	0,97430
0x50	 22:53:47.461	 2020-11-06 15:22:59.700	0,3369	0,1455	0,9067	0,1221	-0,6104	0,6714	8,7781	-18,5834	162,3615	22,44	3,72	-149	237	-241	0,13861	0,17068	0,04999	0,97421
0x50	 22:53:47.581	 2020-11-06 15:22:59.800	0,3247	0,1543	0,8950	0,7324	3,4180	1,6479	8,8000	-18,5120	162,3669	22,46	3,72	-151	235	-238	0,13858	0,17010	0,05029	0,97433
0x50	 22:53:47.651	 2020-11-06 15:22:59.900	0,3086	0,1289	0,9058	-1,0376	-1,4038	-0,4883	8,9319	-18,0560	162,4219	22,43	3,72	-149	238	-239	0,13834	0,16635	0,05209	0,97491
0x50	 22:53:47.752	 2020-11-06 15:23:00.000	0,2964	0,1704	0,9697	-0,4883	10,8643	-0,5493	8,7561	-17,4847	162,4603	22,41	3,72	-145	238	-245	0,13870	0,16129	0,05148	0,97574
0x50	 22:53:47.857	 2020-11-06 15:23:00.100	0,3096	0,1274	0,8198	-12,1460	21,4844	-2,3193	8,4540	-16,5344	162,5427	22,42	3,72	-144	238	-243	0,13928	0,15283	0,05032	0,97708
0x50	 22:53:47.962	 2020-11-06 15:23:00.200	0,2729	0,1255	0,9351	5,7983	-4,3945	1,0376	7,1466	-14,0076	162,0758	22,42	3,72	-136	242	-247	0,14679	0,12985	0,04218	0,97968
0x50	 22:53:48.051	 2020-11-06 15:23:00.300	0,2393	0,1211	0,9302	6,4087	7,7515	4,6387	7,5256	-13,9746	162,3230	22,42	3,72	-135	244	-250	0,14426	0,12997	0,04572	0,97989
0x50	 22:53:48.163	 2020-11-06 15:23:00.400	0,1846	0,1851	1,0439	7,3853	24,8413	10,4980	8,3167	-11,7993	163,3008	22,45	3,72	-130	240	-256	0,13663	0,11194	0,05652	0,98264
0x50	 22:53:48.245	 2020-11-06 15:23:00.500	0,2041	0,1689	0,9336	-2,3804	3,4790	-0,4272	8,2782	-11,3983	163,4546	22,42	3,72	-124	241	-262	0,13565	0,10834	0,05685	0,98315
0x50	 22:53:48.350	 2020-11-06 15:23:00.600	0,1831	0,1377	0,9326	-2,2583	8,3618	0,0000	8,0420	-10,7996	163,4216	22,46	3,72	-122	239	-261	0,13660	0,10297	0,05554	0,98367
0x50	 22:53:48.455	 2020-11-06 15:23:00.700	0,1289	0,1143	1,0708	-17,3340	19,4092	-3,6621	7,0532	-8,5748	163,1360	22,42	3,72	-119	242	-266	0,14133	0,08282	0,04974	0,98523
0x50	 22:53:48.560	 2020-11-06 15:23:00.800	0,1143	0,1177	1,0352	-10,1929	15,8081	-4,2114	5,8008	-7,0862	162,7679	22,43	3,72	-114	247	-266	0,14618	0,06860	0,04071	0,98602
0x50	 22:53:48.641	 2020-11-06 15:23:00.900	0,1182	0,1001	0,9595	-2,4414	16,1743	1,4648	5,5316	-5,9216	162,7515	22,46	3,72	-111	249	-266	0,14706	0,05826	0,03992	0,98657
0x50	 22:53:48.746	 2020-11-06 15:23:01.000	0,0957	0,0903	0,9536	-0,9766	-2,2583	-1,7090	5,0647	-5,3009	162,4713	22,42	3,72	-106	250	-266	0,14999	0,05240	0,03659	0,98660
0x50	 22:53:48.848	 2020-11-06 15:23:01.100	0,0903	0,0859	0,9854	-0,1221	5,3711	0,4272	4,9988	-4,8340	162,3834	22,40	3,72	-106	252	-271	0,15097	0,04831	0,03662	0,98666
0x50	 22:53:48.953	 2020-11-06 15:23:01.200	0,0669	0,0928	1,0220	-1,4038	1,9531	1,3428	5,0372	-4,2627	162,4054	22,46	3,72	-103	253	-270	0,15103	0,04343	0,03775	0,98685
0x50	 22:53:49.057	 2020-11-06 15:23:01.300	0,0903	0,0923	0,9512	3,9673	15,0146	2,3193	5,0812	-3,5815	162,4603	22,47	3,72	-101	255	-273	0,15085	0,03763	0,03906	0,98706
0x50	 22:53:49.148	 2020-11-06 15:23:01.400	-0,0508	0,0513	1,1592	-10,7422	12,2681	5,2490	5,6580	-1,0822	163,0701	22,48	3,72	-93	251	-277	0,14651	0,01663	0,04742	0,98792
0x50	 22:53:49.256	 2020-11-06 15:23:01.500	0,0142	0,1436	0,9849	-1,9531	6,2866	-1,7700	5,1910	-0,9503	162,3779	22,42	3,72	-88	250	-280	0,15259	0,01517	0,04346	0,98721
0x50	 22:53:49.358	 2020-11-06 15:23:01.600	-0,0103	0,0898	0,9785	1,8311	9,1553	3,5400	5,3448	-0,2252	162,5372	22,43	3,72	-87	252	-278	0,15149	0,00903	0,04578	0,98734
0x50	 22:53:49.437	 2020-11-06 15:23:01.700	-0,0059	0,1313	0,9775	10,4980	22,1558	3,8452	5,8667	1,2305	162,8284	22,51	3,72	-81	253	-285	0,14960	-0,00296	0,05225	0,98734
0x50	 22:53:49.545	 2020-11-06 15:23:01.800	-0,0610	0,1133	1,0161	9,4604	21,5454	9,8267	7,1301	3,5980	163,8666	22,49	3,72	-72	252	-291	0,14188	-0,02231	0,06592	0,98743
0x50	 22:53:49.647	 2020-11-06 15:23:01.900	-0,0957	0,1279	0,9946	2,9297	5,4932	1,1597	7,7289	4,8560	164,2181	22,47	3,72	-64	250	-296	0,13962	-0,03265	0,07254	0,98700
0x50	 22:53:49.751	 2020-11-06 15:23:02.000	-0,0986	0,1470	0,9688	2,9907	10,1318	0,3052	7,9486	5,6250	164,0588	22,46	3,72	-57	247	-298	0,14151	-0,03885	0,07535	0,98630
0x50	 22:53:49.861	 2020-11-06 15:23:02.100	-0,1152	0,1357	0,9600	3,4790	13,4277	-0,6104	8,2947	6,7621	164,1797	22,50	3,72	-52	247	-300	0,14120	-0,04834	0,07962	0,98557
0x50	 22:53:49.939	 2020-11-06 15:23:02.200	-0,1333	0,1421	0,9600	3,6621	12,2070	1,4648	8,6462	8,1793	164,1412	22,46	3,72	-47	245	-305	0,14249	-0,06006	0,08426	0,98434
0x50	 22:53:50.058	 2020-11-06 15:23:02.300	-0,1792	0,1724	0,9888	6,4087	22,0337	2,9297	9,2670	10,1514	164,2731	22,48	3,72	-38	243	-304	0,14288	-0,07635	0,09177	0,98248
0x50	 22:53:50.141	 2020-11-06 15:23:02.400	-0,2085	0,1816	0,9883	3,5400	13,4277	1,2817	9,8987	11,7224	164,5917	22,50	3,72	-30	240	-309	0,14157	-0,08932	0,09872	0,98093
0x50	 22:53:50.249	 2020-11-06 15:23:02.500	-0,2480	0,1919	0,9790	5,7983	21,4844	1,8311	10,5688	13,4692	164,7345	22,50	3,72	-21	241	-317	0,14203	-0,10358	0,10620	0,97867
0x50	 22:53:50.353	 2020-11-06 15:23:02.600	-0,2676	0,1865	0,9155	4,5166	14,9536	-0,4272	11,0138	15,0623	164,8553	22,46	3,72	-10	236	-315	0,14246	-0,11679	0,11151	0,97653
0x50	 22:53:50.456	 2020-11-06 15:23:02.700	-0,2749	0,1816	0,9399	2,6855	19,7754	-1,9531	11,5192	17,0892	165,0037	22,50	3,72	-4	235	-320	0,14313	-0,13361	0,11768	0,97354
0x50	 22:53:50.535	 2020-11-06 15:23:02.800	-0,3213	0,1938	0,8979	7,2021	15,7471	2,3193	11,9751	18,7207	165,1575	22,50	3,72	3	236	-323	0,14355	-0,14713	0,12296	0,97089
0x50	 22:53:50.645	 2020-11-06 15:23:02.900	-0,3433	0,1968	0,9282	3,6011	9,7656	3,4790	12,8101	19,9786	165,6958	22,43	3,72	13	232	-323	0,14102	-0,15738	0,13049	0,96866
0x50	 22:53:50.749	 2020-11-06 15:23:03.000	-0,3521	0,1997	0,9180	-2,3193	7,5684	-1,8921	12,9694	20,8575	165,7343	22,51	3,72	17	229	-324	0,14160	-0,16467	0,13257	0,96707
0x50	 22:53:50.841	 2020-11-06 15:23:03.100	-0,3677	0,2100	0,9038	0,7324	5,0049	1,8921	12,9254	21,2201	165,6244	22,50	3,72	25	231	-326	0,14276	-0,16769	0,13266	0,96637
0x50	 22:53:50.940	 2020-11-06 15:23:03.200	-0,3579	0,2192	0,8838	2,6855	5,3101	-2,0142	12,9089	21,8298	165,4926	22,55	3,72	24	228	-325	0,14429	-0,17273	0,13327	0,96518
0x50	 22:53:51.048	 2020-11-06 15:23:03.300	-0,3872	0,1953	0,9106	-10,9253	8,4229	-1,5259	12,9529	22,4231	165,6134	22,52	3,72	30	230	-326	0,14377	-0,17780	0,13397	0,96423
0x50	 22:53:51.150	 2020-11-06 15:23:03.400	-0,3921	0,1938	0,8760	-3,5400	7,1411	-2,3804	12,0026	23,2416	165,2344	22,52	3,72	31	235	-326	0,14603	-0,18552	0,12732	0,96332
0x50	 22:53:51.273	 2020-11-06 15:23:03.500	-0,4072	0,1831	0,8994	2,1362	0,4883	0,3052	11,9257	23,6536	165,0201	22,52	3,72	33	239	-325	0,14798	-0,18887	0,12738	0,96237
0x50	 22:53:51.338	 2020-11-06 15:23:03.600	-0,3984	0,1958	0,9087	-4,9438	0,9155	-1,7700	11,6235	23,8678	164,8224	22,53	3,72	35	238	-325	0,14926	-0,19086	0,12540	0,96204
0x50	 22:53:51.454	 2020-11-06 15:23:03.700	-0,4067	0,1836	0,9019	1,8921	-3,7231	3,1738	11,6840	23,7579	164,8169	22,52	3,72	34	238	-323	0,14935	-0,18982	0,12579	0,96219
0x50	 22:53:51.545	 2020-11-06 15:23:03.800	-0,4014	0,1787	0,8765	-0,2441	-1,5869	0,6714	11,7719	23,6371	164,7784	22,57	3,72	37	234	-325	0,14975	-0,18866	0,12650	0,96225
0x50	 22:53:51.659	 2020-11-06 15:23:03.900	-0,4087	0,1499	0,8574	-15,8691	7,0801	-5,4932	10,9369	24,0765	164,4763	22,52	3,72	36	241	-324	0,15112	-0,19315	0,12039	0,96194
0x50	 22:53:51.739	 2020-11-06 15:23:04.000	-0,4023	0,1572	0,9014	-16,2964	6,8970	-7,5684	7,6080	25,3894	163,1030	22,57	3,72	39	250	-319	0,15741	-0,20740	0,09625	0,96066
0x50	 22:53:51.864	 2020-11-06 15:23:04.100	-0,4434	0,0874	0,8813	-7,1411	2,9297	-4,2725	6,7236	25,7025	162,6691	22,57	3,72	39	260	-317	0,15948	-0,21088	0,08997	0,96017
0x50	 22:53:51.949	 2020-11-06 15:23:04.200	-0,4360	0,1147	0,8823	-1,4648	5,4932	0,7324	5,9875	26,1475	162,0978	22,53	3,72	41	263	-314	0,16299	-0,21524	0,08542	0,95905
0x50	 22:53:52.032	 2020-11-06 15:23:04.300	-0,4409	0,0894	0,9136	-0,6104	3,0518	-0,9155	6,0370	26,6309	162,0538	22,55	3,72	40	263	-312	0,16348	-0,21921	0,08649	0,95798
0x50	 22:53:52.154	 2020-11-06 15:23:04.400	-0,4414	0,0962	0,9014	-0,4883	-0,8545	-0,9155	5,7898	26,7792	161,7242	22,52	3,72	42	266	-314	0,16583	-0,22055	0,08524	0,95737
0x50	 22:53:52.230	 2020-11-06 15:23:04.500	-0,4614	0,0649	0,8516	-5,5542	9,3384	1,7090	5,6525	27,2626	161,8396	22,53	3,72	40	267	-314	0,16464	-0,22488	0,08447	0,95663
0x50	 22:53:52.335	 2020-11-06 15:23:04.600	-0,5005	0,0625	0,8774	-6,1035	15,1978	0,9766	4,7681	28,9325	161,6089	22,54	3,72	47	270	-309	0,16483	-0,23996	0,07962	0,95334
0x50	 22:53:52.437	 2020-11-06 15:23:04.700	-0,4976	0,0649	0,8853	-4,5776	9,5825	-2,7466	4,6307	29,6246	161,5924	22,57	3,72	54	274	-310	0,16467	-0,24591	0,07941	0,95187
0x50	 22:53:52.542	 2020-11-06 15:23:04.800	-0,5059	0,0620	0,8848	-1,4648	2,7466	-1,2817	4,1418	30,2069	161,1914	22,54	3,72	56	275	-310	0,16690	-0,25122	0,07697	0,95029
0x50	 22:53:52.646	 2020-11-06 15:23:04.900	-0,4961	0,0571	0,8042	-2,8076	4,8218	-0,7324	4,0100	30,3387	160,9991	22,57	3,72	55	276	-308	0,16818	-0,25238	0,07648	0,94980
0x50	 22:53:52.758	 2020-11-06 15:23:05.000	-0,5137	0,0645	0,8916	-4,3335	8,3618	0,3052	3,6859	31,6241	161,0266	22,55	3,72	60	278	-309	0,16708	-0,26352	0,07541	0,94705
0x50	 22:53:52.836	 2020-11-06 15:23:05.100	-0,5420	0,0220	0,8384	-3,5400	1,2817	0,1221	3,5101	31,7670	161,0815	22,54	3,72	65	277	-308	0,16626	-0,26501	0,07404	0,94690
0x50	 22:53:52.940	 2020-11-06 15:23:05.200	-0,5229	0,0244	0,8584	-0,4883	-0,0610	0,9766	3,4222	31,8768	160,9662	22,57	3,72	64	278	-304	0,16699	-0,26593	0,07370	0,94653
0x50	 22:53:53.082	 2020-11-06 15:23:05.300	-0,5283	0,0435	0,8604	4,8218	-4,8828	-1,6479	3,3838	31,4923	160,6036	22,57	3,72	63	278	-307	0,16992	-0,26260	0,07370	0,94693
0x50	 22:53:53.128	 2020-11-06 15:23:05.400	-0,4629	0,0352	0,8403	13,6719	-23,0103	7,8125	5,0262	29,8004	160,9277	22,54	3,72	58	275	-309	0,17105	-0,24631	0,08435	0,95023
0x50	 22:53:53.231	 2020-11-06 15:23:05.500	-0,4800	0,0771	0,8540	0,0000	-2,1362	-0,6714	5,2295	28,9984	160,7355	22,61	3,72	51	272	-311	0,17307	-0,23920	0,08539	0,95157
0x50	 22:53:53.332	 2020-11-06 15:23:05.600	-0,4824	0,0537	0,8584	-2,5024	-3,4180	-2,2583	5,1251	28,6633	160,4608	22,67	3,72	50	268	-309	0,17514	-0,23636	0,08466	0,95197
0x50	 22:53:53.438	 2020-11-06 15:23:05.700	-0,4785	0,0835	0,8843	4,2114	-3,8452	1,2817	5,1691	28,3997	160,2631	22,55	3,72	47	268	-311	0,17682	-0,23395	0,08505	0,95221
0x50	 22:53:53.527	 2020-11-06 15:23:05.800	-0,3916	0,1494	0,8491	17,8833	-32,9590	27,2217	7,6849	26,1420	161,5814	22,57	3,72	44	265	-313	0,17044	-0,21228	0,10052	0,95694
0x50	 22:53:53.640	 2020-11-06 15:23:05.900	-0,4370	0,1138	0,8174	4,4556	-9,5215	1,7700	7,8497	24,8071	161,6144	22,56	3,72	37	259	-317	0,17014	-0,20087	0,10025	0,95947
0x50	 22:53:53.726	 2020-11-06 15:23:06.000	-0,4028	0,1230	0,9189	2,6855	-0,4272	2,3193	8,0914	24,8950	161,6693	22,58	3,72	34	259	-316	0,17010	-0,20129	0,10226	0,95920
0x50	 22:53:53.828	 2020-11-06 15:23:06.100	-0,4180	0,1333	0,9106	-0,0610	0,3052	-0,1831	8,1189	24,8181	161,6638	22,58	3,72	34	256	-317	0,17020	-0,20059	0,10242	0,95932
0x50	 22:53:53.931	 2020-11-06 15:23:06.200	-0,4209	0,1284	0,9160	3,7842	-5,8594	4,5776	8,4760	24,5325	161,9000	22,53	3,72	35	255	-316	0,16876	-0,19791	0,10464	0,95987
0x50	 22:53:54.035	 2020-11-06 15:23:06.300	-0,4048	0,1714	0,9111	15,9302	-10,0098	12,3291	9,7723	23,7964	162,4219	22,63	3,72	32	254	-322	0,16629	-0,19028	0,11377	0,96082
0x50	 22:53:54.142	 2020-11-06 15:23:06.400	-0,3813	0,1606	0,8906	11,7188	-10,8032	13,8550	11,9531	22,4011	163,8556	22,60	3,72	31	243	-320	0,15698	-0,17694	0,12823	0,96310
0x50	 22:53:54.230	 2020-11-06 15:23:06.500	-0,3594	0,1968	0,9199	0,1221	-5,1880	-0,4883	12,5519	21,8079	164,1742	22,64	3,72	32	236	-321	0,15479	-0,17145	0,13220	0,96390
0x50	 22:53:54.357	 2020-11-06 15:23:06.600	-0,3750	0,2002	0,9072	-0,1831	-2,0752	2,4414	12,4255	21,3135	163,9270	22,60	3,72	29	236	-322	0,15634	-0,16718	0,13101	0,96457
0x50	 22:53:54.435	 2020-11-06 15:23:06.700	-0,3486	0,1919	0,9478	-2,5024	-7,3853	0,6714	12,2607	20,9454	163,9270	22,60	3,72	27	239	-322	0,15585	-0,16428	0,12924	0,96539
0x50	 22:53:54.540	 2020-11-06 15:23:06.800	-0,3315	0,2026	0,8872	1,9531	-2,6245	1,7700	12,0685	19,9237	163,7897	22,63	3,72	21	239	-322	0,15610	-0,15573	0,12680	0,96710
0x50	 22:53:54.629	 2020-11-06 15:23:06.900	-0,3359	0,1963	0,9282	2,3193	0,0000	3,4790	12,3376	19,7424	164,1193	22,63	3,72	20	236	-320	0,15353	-0,15421	0,12839	0,96753
0x50	 22:53:54.739	 2020-11-06 15:23:07.000	-0,3423	0,2090	0,9365	-1,2817	-6,7139	0,4883	12,3981	19,4403	164,1797	22,61	3,72	19	238	-321	0,15286	-0,15161	0,12851	0,96802
0x50	 22:53:54.841	 2020-11-06 15:23:07.100	-0,3076	0,1665	0,8916	-6,7139	-21,1792	-2,2583	11,7169	17,9736	163,7677	22,64	3,72	13	236	-318	0,15448	-0,13962	0,12177	0,97046
0x50	 22:53:54.920	 2020-11-06 15:23:07.200	-0,2773	0,1821	0,9263	-2,8076	-10,8032	1,1597	11,1676	16,6498	163,3832	22,64	3,72	5	238	-317	0,15622	-0,12866	0,11609	0,97238
0x50	 22:53:55.029	 2020-11-06 15:23:07.300	-0,2715	0,1675	0,9375	-2,4414	-8,1787	-0,0610	10,8325	15,6720	163,3118	22,63	3,72	0	244	-316	0,15582	-0,12073	0,11224	0,97391
0x50	 22:53:55.130	 2020-11-06 15:23:07.400	-0,2490	0,1968	0,9482	-0,7324	-1,1597	1,7090	10,6458	15,1062	163,2349	22,68	3,72	-1	242	-315	0,15594	-0,11609	0,11008	0,97470
0x50	 22:53:55.234	 2020-11-06 15:23:07.500	-0,2471	0,1675	0,9434	-2,0142	-9,0332	0,0610	10,4590	14,5074	163,2019	22,60	3,72	-5	243	-317	0,15561	-0,11121	0,10782	0,97559
0x50	 22:53:55.350	 2020-11-06 15:23:07.600	-0,2485	0,1650	0,9277	-1,2207	-5,4932	1,0376	10,2173	13,8098	163,1195	22,63	3,72	-10	244	-314	0,15570	-0,10547	0,10504	0,97650
0x50	 22:53:55.428	 2020-11-06 15:23:07.700	-0,2256	0,1436	0,9658	-3,3569	-8,2397	-0,9766	9,9536	13,3649	163,0096	22,68	3,72	-14	247	-313	0,15610	-0,10193	0,10236	0,97711
0x50	 22:53:55.531	 2020-11-06 15:23:07.800	-0,2227	0,1558	0,9521	-2,5635	-6,3477	-0,7324	9,5361	12,5629	162,7295	22,64	3,72	-15	248	-310	0,15768	-0,09540	0,09808	0,97794
0x50	 22:53:55.631	 2020-11-06 15:23:07.900	-0,1914	0,1606	0,9526	0,0610	-6,2256	0,1221	9,3494	11,9806	162,5812	22,64	3,72	-20	247	-313	0,15848	-0,09055	0,09589	0,97849
0x50	 22:53:55.726	 2020-11-06 15:23:08.000	-0,1826	0,1431	0,9790	-5,3101	-21,4844	-0,4883	9,2230	10,9149	162,4768	22,67	3,72	-23	250	-308	0,15866	-0,08151	0,09354	0,97949
0x50	 22:53:55.834	 2020-11-06 15:23:08.100	-0,1641	0,1694	0,9497	-2,4414	-14,5874	-1,0986	8,7451	8,9594	162,0483	22,63	3,72	-31	249	-305	0,16095	-0,06506	0,08722	0,98093
0x50	 22:53:55.935	 2020-11-06 15:23:08.200	-0,1108	0,1162	0,9780	-2,9907	-16,4795	-0,3052	8,4155	7,6190	161,8396	22,65	3,72	-40	251	-304	0,16180	-0,05386	0,08273	0,98184
0x50	 22:53:56.015	 2020-11-06 15:23:08.300	-0,1470	0,1484	0,9971	1,0986	-5,4321	1,0986	8,2837	6,7236	161,7352	22,64	3,72	-44	255	-300	0,16220	-0,04633	0,08047	0,98236
0x50	 22:53:56.130	 2020-11-06 15:23:08.400	-0,1030	0,1489	0,9805	0,1831	-5,8594	-0,9766	8,2727	6,0645	161,6858	22,68	3,72	-50	251	-299	0,16223	-0,04062	0,07950	0,98270
0x50	 22:53:56.231	 2020-11-06 15:23:08.500	-0,0371	0,1460	0,9478	5,1270	-21,9116	3,8452	8,6792	4,4879	161,7023	22,64	3,72	-53	249	-298	0,16132	-0,02652	0,08087	0,98322
0x50	 22:53:56.334	 2020-11-06 15:23:08.600	-0,0752	0,1377	0,9678	-1,6479	-9,5215	1,0376	8,8385	3,1915	161,8231	22,67	3,72	-57	250	-296	0,15948	-0,01526	0,08047	0,98376
0x50	 22:53:56.422	 2020-11-06 15:23:08.700	-0,0566	0,1436	0,9795	0,8545	-2,1973	0,8545	8,6188	2,7740	161,7462	22,59	3,72	-64	249	-294	0,15988	-0,01190	0,07800	0,98395
0x50	 22:53:56.516	 2020-11-06 15:23:08.800	-0,0190	0,1353	0,9805	-0,4883	-7,9346	-0,7935	8,7177	2,0490	161,7792	22,65	3,72	-65	252	-290	0,15915	-0,00555	0,07788	0,98413
0x50	 22:53:56.630	 2020-11-06 15:23:08.900	-0,0239	0,1382	1,0024	-1,3428	-5,4321	-0,1221	8,6407	1,6919	161,7792	22,64	3,72	-71	248	-291	0,15894	-0,00259	0,07669	0,98428
0x50	 22:53:56.716	 2020-11-06 15:23:09.000	-0,0498	0,1401	0,9668	-1,0986	-0,3662	1,8921	8,5583	1,3348	161,7682	22,68	3,72	-69	245	-290	0,15881	0,00031	0,07550	0,98441
0x50	 22:53:56.826	 2020-11-06 15:23:09.100	0,0137	0,1611	0,9917	1,0376	-10,3760	-0,8545	8,3496	0,7031	161,6418	22,71	3,72	-73	247	-289	0,15948	0,00555	0,07285	0,98447
0x50	 22:53:56.950	 2020-11-06 15:23:09.200	0,0029	0,1299	0,9834	1,0986	-7,6904	1,4648	8,5693	-0,0824	161,7023	22,61	3,72	-72	248	-288	0,15845	0,01260	0,07367	0,98453
0x50	 22:53:57.034	 2020-11-06 15:23:09.300	-0,0073	0,1460	0,9722	0,6714	0,9155	0,7324	8,5583	-0,3516	161,7023	22,68	3,72	-77	248	-287	0,15826	0,01489	0,07318	0,98456
0x50	 22:53:57.116	 2020-11-06 15:23:09.400	0,0313	0,1558	0,9902	1,3428	-6,7139	1,7700	8,7067	-0,8240	161,7627	22,65	3,72	-79	246	-283	0,15741	0,01913	0,07382	0,98456
0x50	 22:53:57.224	 2020-11-06 15:23:09.500	0,0518	0,1494	0,9717	0,7324	-8,9722	0,1831	8,7946	-1,6370	161,7847	22,64	3,72	-81	244	-288	0,15668	0,02621	0,07346	0,98456
0x50	 22:53:57.326	 2020-11-06 15:23:09.600	0,0254	0,1514	0,9805	4,8828	-17,9443	1,5259	8,8934	-2,5763	161,7407	22,75	3,72	-84	246	-283	0,15640	0,03445	0,07297	0,98438
0x50	 22:53:57.428	 2020-11-06 15:23:09.700	0,0566	0,1533	0,9751	0,4272	-5,2490	0,7324	9,0472	-3,6255	161,7352	22,70	3,72	-92	244	-281	0,15567	0,04367	0,07285	0,98413
0x50	 22:53:57.533	 2020-11-06 15:23:09.800	0,0864	0,1587	0,9849	-0,1831	-1,7700	-0,4272	8,9484	-4,0759	161,6748	22,71	3,72	-95	241	-280	0,15588	0,04742	0,07135	0,98404
0x50	 22:53:57.616	 2020-11-06 15:23:09.900	0,0405	0,1553	0,9688	-0,1831	-9,6436	-0,1831	9,0472	-4,7076	161,5924	22,64	3,72	-96	242	-280	0,15607	0,05301	0,07126	0,98373
0x50	 22:53:57.720	 2020-11-06 15:23:10.000	0,1260	0,1650	0,9648	-0,4272	-11,4136	0,3662	8,9319	-5,7458	161,3727	22,70	3,72	-97	243	-279	0,15726	0,06189	0,06866	0,98322
0x50	 22:53:57.823	 2020-11-06 15:23:10.100	0,1201	0,1333	0,9507	-0,8545	-2,1362	-0,9155	8,9429	-6,3062	161,3837	22,72	3,72	-100	244	-275	0,15674	0,06674	0,06796	0,98300
0x50	 22:53:57.921	 2020-11-06 15:23:10.200	0,1270	0,1274	0,9702	2,1362	-3,2959	-0,0610	8,9429	-6,1963	161,4661	22,71	3,72	-102	242	-275	0,15610	0,06573	0,06815	0,98318
0x50	 22:53:58.023	 2020-11-06 15:23:10.300	0,1123	0,1523	0,9819	0,4883	-4,8218	0,1221	8,9264	-6,5149	161,4166	22,67	3,72	-103	244	-277	0,15631	0,06848	0,06750	0,98300
0x50	 22:53:58.129	 2020-11-06 15:23:10.400	0,1172	0,1763	1,0024	1,4038	-10,5591	1,0986	8,9978	-7,2015	161,3947	22,72	3,72	-103	240	-274	0,15591	0,07446	0,06711	0,98264
0x50	 22:53:58.215	 2020-11-06 15:23:10.500	0,1455	0,1587	0,9521	2,1362	-7,1411	0,9155	9,1681	-8,1738	161,3837	22,71	3,72	-106	240	-271	0,15518	0,08301	0,06717	0,98209
0x50	 22:53:58.324	 2020-11-06 15:23:10.600	0,1533	0,1606	0,9629	0,2441	-9,2163	0,1221	9,2615	-8,9539	161,3287	22,70	3,72	-111	240	-269	0,15494	0,08984	0,06683	0,98154
0x50	 22:53:58.408	 2020-11-06 15:23:10.700	0,1577	0,1484	0,9697	0,1221	-7,0190	-0,9155	9,2010	-9,5142	161,2134	22,72	3,72	-113	237	-269	0,15552	0,09460	0,06540	0,98108
0x50	 22:53:58.520	 2020-11-06 15:23:10.800	0,1904	0,1631	0,9390	4,8218	-2,6855	2,3804	9,6021	-10,2393	161,3892	22,75	3,72	-115	237	-269	0,15308	0,10126	0,06787	0,98065
0x50	 22:53:58.620	 2020-11-06 15:23:10.900	0,1758	0,1738	0,9668	-0,9766	-3,2959	-0,1221	9,6240	-10,4150	161,4441	22,68	3,72	-115	235	-269	0,15244	0,10272	0,06787	0,98059
0x50	 22:53:58.707	 2020-11-06 15:23:11.000	0,1855	0,1763	1,0225	2,5635	-10,3149	0,3052	9,7174	-10,7391	161,4276	22,74	3,72	-120	237	-266	0,15219	0,10565	0,06818	0,98029
0x50	 22:53:58.836	 2020-11-06 15:23:11.100	0,1978	0,1772	0,9688	1,5869	-8,6060	1,0986	9,8547	-11,8378	161,3617	22,71	3,72	-123	236	-266	0,15167	0,11523	0,06769	0,97934
0x50	 22:53:58.913	 2020-11-06 15:23:11.200	0,2217	0,1685	0,9214	0,0000	-3,8452	0,5493	10,0085	-12,5739	161,4221	22,72	3,72	-122	236	-265	0,15036	0,12167	0,06796	0,97873
0x50	 22:53:59.018	 2020-11-06 15:23:11.300	0,2188	0,1680	0,9717	1,2207	-6,8970	1,6479	10,1788	-13,0078	161,4771	22,73	3,72	-125	238	-263	0,14932	0,12555	0,06882	0,97833
0x50	 22:53:59.120	 2020-11-06 15:23:11.400	0,2456	0,1665	0,9834	2,5024	-10,0708	0,8545	10,3601	-13,9142	161,4990	22,73	3,72	-128	235	-263	0,14807	0,13348	0,06909	0,97748
0x50	 22:53:59.227	 2020-11-06 15:23:11.500	0,2554	0,1699	0,9268	2,0142	-2,9907	1,8921	10,6073	-14,7162	161,6089	22,72	3,72	-131	238	-261	0,14609	0,14056	0,07013	0,97672
0x50	 22:53:59.306	 2020-11-06 15:23:11.600	0,2773	0,1851	0,9126	5,0659	-6,8359	2,8687	11,0797	-15,4688	161,7627	22,77	3,72	-130	234	-258	0,14340	0,14743	0,07324	0,97586
0x50	 22:53:59.414	 2020-11-06 15:23:11.700	0,2695	0,1660	0,9253	-0,7935	-5,3101	0,1221	11,2775	-15,9741	161,9440	22,73	3,72	-131	231	-256	0,14114	0,15182	0,07440	0,97543
0x50	 22:53:59.523	 2020-11-06 15:23:11.800	0,2847	0,1899	0,9478	3,7842	-5,1880	3,3569	11,3873	-16,2817	162,0538	22,74	3,72	-133	234	-254	0,13971	0,15448	0,07501	0,97516
0x50	 22:53:59.625	 2020-11-06 15:23:11.900	0,2969	0,2080	0,9492	5,9204	-8,8501	3,7842	11,6620	-17,0178	162,1307	22,71	3,72	-136	232	-255	0,13791	0,16101	0,07642	0,97424
0x50	 22:53:59.705	 2020-11-06 15:23:12.000	0,2847	0,2070	0,9385	4,6387	-7,2021	2,6245	12,1509	-18,0560	162,3834	22,75	3,72	-137	231	-256	0,13394	0,17020	0,07938	0,97302
0x50	 22:53:59.813	 2020-11-06 15:23:12.100	0,3325	0,1973	0,8940	-0,4272	-5,4932	0,2441	12,3102	-18,9130	162,3999	22,76	3,72	-143	231	-252	0,13257	0,17758	0,07953	0,97186
0x50	 22:53:59.914	 2020-11-06 15:23:12.200	0,3628	0,1807	0,8833	2,6245	-14,8926	3,5400	12,6343	-19,9786	162,4548	22,74	3,72	-143	229	-250	0,13040	0,18692	0,08081	0,97031
0x50	 22:54:00.015	 2020-11-06 15:23:12.300	0,3364	0,2114	0,9360	1,6479	-2,0142	2,5024	12,7716	-20,5829	162,5537	22,73	3,72	-147	229	-245	0,12860	0,19211	0,08127	0,96948
0x50	 22:54:00.120	 2020-11-06 15:23:12.400	0,3335	0,2290	0,9336	1,5259	-5,0659	1,4648	12,8925	-20,9454	162,6251	22,77	3,72	-147	227	-245	0,12735	0,19525	0,08185	0,96896
0x50	 22:54:00.220	 2020-11-06 15:23:12.500	0,3740	0,2168	0,9233	1,2207	-9,2773	1,6479	13,0408	-21,5826	162,5647	22,76	3,72	-151	228	-247	0,12683	0,20081	0,08209	0,96790
0x50	 22:54:00.316	 2020-11-06 15:23:12.600	0,3887	0,2227	0,8970	2,8687	-12,7563	1,9531	13,2770	-22,8571	162,4823	22,76	3,72	-152	226	-242	0,12555	0,21179	0,08206	0,96573
0x50	 22:54:00.425	 2020-11-06 15:23:12.700	0,3950	0,2163	0,8911	0,7935	-9,2163	0,7324	13,5736	-23,8623	162,5427	22,75	3,72	-155	227	-239	0,12323	0,22049	0,08316	0,96399
0x50	 22:54:00.507	 2020-11-06 15:23:12.800	0,4111	0,2197	0,8818	1,7090	-7,2021	2,1973	13,6725	-24,7302	162,4274	22,74	3,72	-158	227	-236	0,12289	0,22787	0,08246	0,96237
0x50	 22:54:00.612	 2020-11-06 15:23:12.900	0,4277	0,2222	0,8599	-0,4883	-3,4790	-0,3052	13,7000	-25,2740	162,3999	22,76	3,72	-159	229	-234	0,12238	0,23248	0,08179	0,96136
0x50	 22:54:00.713	 2020-11-06 15:23:13.000	0,4395	0,2017	0,8564	0,5493	-8,8501	0,9155	13,7769	-25,8838	162,3615	22,78	3,72	-159	225	-231	0,12173	0,23764	0,08142	0,96024
0x50	 22:54:00.800	 2020-11-06 15:23:13.100	0,4316	0,2295	0,9194	3,6011	-18,6157	4,1504	14,0186	-26,9879	162,3120	22,76	3,72	-164	225	-229	0,12021	0,24707	0,08163	0,95801
0x50	 22:54:00.909	 2020-11-06 15:23:13.200	0,4839	0,2290	0,8462	5,0659	-14,9536	4,2725	14,4360	-28,7677	162,1857	22,79	3,72	-169	225	-226	0,11789	0,26230	0,08209	0,95422
0x50	 22:54:01.012	 2020-11-06 15:23:13.300	0,4824	0,2222	0,8276	1,6479	-3,1738	0,4883	14,7766	-29,9323	162,1912	22,78	3,72	-174	226	-223	0,11542	0,27225	0,08310	0,95163
0x50	 22:54:01.115	 2020-11-06 15:23:13.400	0,5195	0,2241	0,8086	0,6104	-7,0801	0,6714	14,9304	-30,5420	162,1692	22,76	3,72	-174	223	-218	0,11441	0,27744	0,08334	0,95026
0x50	 22:54:01.239	 2020-11-06 15:23:13.500	0,5073	0,2324	0,8403	-1,7090	-9,6436	0,2441	15,0128	-31,1847	162,0099	22,74	3,72	-177	225	-216	0,11456	0,28290	0,08261	0,94867
0x50	 22:54:01.308	 2020-11-06 15:23:13.600	0,5269	0,2227	0,8462	1,8311	-12,2070	1,3428	15,0732	-32,0032	161,8451	22,77	3,72	-179	223	-214	0,11462	0,28976	0,08136	0,94669
0x50	 22:54:01.410	 2020-11-06 15:23:13.700	0,5259	0,2363	0,8154	2,6245	-14,8315	0,9766	15,3809	-33,4039	161,4880	22,74	3,72	-181	225	-209	0,11465	0,30173	0,08072	0,94299
0x50	 22:54:01.515	 2020-11-06 15:23:13.800	0,5659	0,2139	0,7725	-1,0376	-9,7046	1,0376	15,6610	-34,5685	161,2903	22,79	3,72	-184	226	-206	0,11374	0,31161	0,08054	0,93991
0x50	 22:54:01.606	 2020-11-06 15:23:13.900	0,5776	0,2397	0,7295	-2,6245	7,0190	0,4272	15,6006	-35,0409	161,2299	22,79	3,72	-188	224	-202	0,11374	0,31537	0,07904	0,93878
0x50	 22:54:01.714	 2020-11-06 15:23:14.000	0,5815	0,2290	0,7866	-2,0142	-1,4648	-0,6104	15,3534	-34,7937	161,5540	22,76	3,72	-188	225	-203	0,11209	0,31290	0,07834	0,93988
0x50	 22:54:01.818	 2020-11-06 15:23:14.100	0,5752	0,2144	0,8018	-0,3052	-5,6152	0,0610	15,3479	-34,9915	161,5759	22,82	3,72	-186	221	-202	0,11163	0,31448	0,07803	0,93942
0x50	 22:54:01.899	 2020-11-06 15:23:14.200	0,5586	0,2285	0,7900	-1,8921	-6,0425	1,5259	15,2985	-35,5682	161,3617	22,81	3,72	-185	224	-202	0,11267	0,31924	0,07605	0,93784
0x50	 22:54:02.000	 2020-11-06 15:23:14.300	0,5835	0,2144	0,7783	-9,1553	-17,5781	-0,4272	14,8096	-36,5570	161,0376	22,83	3,72	-187	225	-195	0,11517	0,32693	0,06952	0,93539
0x50	 22:54:02.107	 2020-11-06 15:23:14.400	0,6069	0,1929	0,7339	-10,0708	-19,1650	-1,2817	14,4250	-38,2324	160,5872	22,79	3,71	-193	228	-190	0,11746	0,34024	0,06216	0,93088
0x50	 22:54:02.209	 2020-11-06 15:23:14.500	0,6177	0,1187	0,7666	-0,9766	4,5166	13,3667	13,4363	-38,7762	161,4825	22,80	3,72	-197	233	-184	0,11237	0,34317	0,05585	0,93085
0x50	 22:54:02.315	 2020-11-06 15:23:14.600	0,6509	0,2021	0,7246	-4,5166	-2,2583	-2,5024	12,7332	-38,8312	161,7023	22,77	3,71	-195	235	-185	0,11261	0,34280	0,05072	0,93124
0x50	 22:54:02.403	 2020-11-06 15:23:14.700	0,6426	0,1655	0,7495	-1,6479	0,4272	-0,4883	12,7002	-38,7708	162,0044	22,80	3,71	-195	239	-184	0,11032	0,34216	0,05145	0,93170
0x50	 22:54:02.505	 2020-11-06 15:23:14.800	0,6167	0,1807	0,7334	-0,6714	-1,2207	0,7935	12,7112	-38,9795	161,8011	22,79	3,72	-195	238	-181	0,11163	0,34393	0,05060	0,93094
0x50	 22:54:02.607	 2020-11-06 15:23:14.900	0,6162	0,1675	0,7305	-1,6479	-1,4038	-1,5259	12,6288	-38,9850	161,8396	22,81	3,71	-195	233	-184	0,11160	0,34387	0,05002	0,93100
0x50	 22:54:02.716	 2020-11-06 15:23:15.000	0,6274	0,1680	0,7549	-2,2583	0,6714	-1,6479	12,4969	-38,8092	161,8835	22,81	3,71	-193	234	-183	0,11188	0,34229	0,04938	0,93158
0x50	 22:54:02.811	 2020-11-06 15:23:15.100	0,6357	0,1670	0,7446	-0,9155	-0,9155	1,2817	12,3486	-38,7708	161,8561	22,81	3,71	-195	236	-183	0,11258	0,34189	0,04819	0,93170
0x50	 22:54:02.898	 2020-11-06 15:23:15.200	0,6108	0,1782	0,7456	1,3428	2,6245	2,1362	12,2113	-38,5730	162,1527	22,79	3,71	-195	237	-185	0,11084	0,34003	0,04822	0,93259
0x50	 22:54:03.015	 2020-11-06 15:23:15.300	0,6128	0,1685	0,7622	-1,0986	4,6997	-1,2817	12,0685	-38,1885	162,2461	22,79	3,71	-193	236	-182	0,11096	0,33676	0,04797	0,93378
0x50	 22:54:03.098	 2020-11-06 15:23:15.400	0,6084	0,1655	0,6738	3,7231	23,1323	1,5259	11,9971	-37,2491	162,5537	22,78	3,71	-190	236	-186	0,10992	0,32898	0,04971	0,93658
0x50	 22:54:03.219	 2020-11-06 15:23:15.500	0,6055	0,1846	0,7637	-3,0518	5,6763	-2,0752	12,1344	-35,4913	163,1854	22,81	3,71	-189	234	-196	0,10657	0,31454	0,05527	0,94159
0x50	 22:54:03.308	 2020-11-06 15:23:15.600	0,5688	0,1626	0,8359	-0,2441	6,9580	-0,7324	11,9586	-34,7827	163,3337	22,80	3,71	-186	236	-199	0,10669	0,30853	0,05527	0,94357
0x50	 22:54:03.405	 2020-11-06 15:23:15.700	0,5703	0,1768	0,7998	0,4883	4,2114	-0,1831	11,8213	-34,3378	163,2184	22,83	3,71	-184	237	-200	0,10858	0,30484	0,05447	0,94461
0x50	 22:54:03.507	 2020-11-06 15:23:15.800	0,5508	0,1729	0,8276	-0,4883	7,6904	0,0000	11,8817	-33,9038	163,3612	22,83	3,71	-183	236	-200	0,10776	0,30127	0,05600	0,94577
0x50	 22:54:03.591	 2020-11-06 15:23:15.900	0,6221	0,1724	0,6924	19,4092	44,6777	3,9063	12,0465	-32,2229	163,9819	22,83	3,71	-181	240	-206	0,10425	0,28735	0,06140	0,95013
0x50	 22:54:03.694	 2020-11-06 15:23:16.000	0,4966	0,1846	0,8384	-6,4697	3,4790	-9,4604	12,6288	-29,2896	164,9158	22,83	3,71	-172	236	-219	0,09860	0,26309	0,07251	0,95697
0x50	 22:54:03.794	 2020-11-06 15:23:16.100	0,5063	0,1348	0,8252	-3,2959	2,1973	-1,2207	12,5519	-28,5919	164,7345	22,87	3,71	-166	231	-225	0,10114	0,25735	0,07242	0,95825
0x50	 22:54:03.897	 2020-11-06 15:23:16.200	0,4624	0,2026	0,8628	-2,3193	2,6855	-0,1831	12,4146	-28,0646	164,5642	22,80	3,71	-165	234	-226	0,10352	0,25296	0,07159	0,95923
0x50	 22:54:03.991	 2020-11-06 15:23:16.300	0,4346	0,2280	0,8750	-0,3662	7,5684	-0,3662	12,3267	-27,5867	164,3445	22,87	3,71	-165	233	-225	0,10611	0,24905	0,07101	0,96002
0x50	 22:54:04.099	 2020-11-06 15:23:16.400	0,4438	0,2114	0,8926	-1,4648	5,1880	-2,9297	12,1014	-27,0044	164,1577	22,87	3,71	-167	234	-227	0,10880	0,24408	0,06955	0,96109
0x50	 22:54:04.189	 2020-11-06 15:23:16.500	0,4565	0,1748	0,7983	-1,0376	19,4702	-5,5542	11,9641	-25,9607	164,0643	22,80	3,71	-165	233	-231	0,11115	0,23532	0,06961	0,96301
0x50	 22:54:04.290	 2020-11-06 15:23:16.600	0,3813	0,1929	0,9063	-1,0986	14,7095	-1,0986	12,1729	-23,6041	163,9105	22,84	3,71	-159	231	-236	0,11472	0,21588	0,07431	0,96680
0x50	 22:54:04.395	 2020-11-06 15:23:16.700	0,3877	0,1504	0,8779	3,6011	6,1035	2,0752	12,2662	-21,8903	164,1138	22,86	3,71	-153	232	-241	0,11475	0,20145	0,07782	0,96960
0x50	 22:54:04.530	 2020-11-06 15:23:16.800	0,3550	0,2139	0,9268	-2,0752	4,2725	1,7090	11,9861	-21,1761	164,1797	22,87	3,71	-148	231	-243	0,11551	0,19513	0,07651	0,97092
0x50	 22:54:04.604	 2020-11-06 15:23:16.900	0,3413	0,2295	0,9365	-1,6479	4,4556	-0,6104	11,7773	-20,6763	164,1632	22,88	3,71	-149	230	-245	0,11652	0,19073	0,07538	0,97177
0x50	 22:54:04.707	 2020-11-06 15:23:17.000	0,3472	0,2095	0,9082	-0,6714	7,7515	-0,3052	11,7279	-20,2698	164,2017	22,82	3,71	-147	231	-247	0,11676	0,18719	0,07556	0,97241
0x50	 22:54:04.799	 2020-11-06 15:23:17.100	0,3442	0,1807	0,8638	-2,7466	6,0425	0,1221	11,7059	-19,9786	164,2511	22,89	3,71	-145	229	-249	0,11664	0,18472	0,07587	0,97287
0x50	 22:54:04.904	 2020-11-06 15:23:17.200	0,3408	0,1890	0,8892	-0,3052	3,7842	-0,1831	11,5521	-19,3579	164,2841	22,87	3,71	-142	231	-249	0,11728	0,17926	0,07541	0,97385
0x50	 22:54:04.992	 2020-11-06 15:23:17.300	0,2896	0,1963	0,9731	2,0142	6,4697	0,7324	11,3928	-18,4351	164,4379	22,86	3,71	-138	231	-252	0,11716	0,17120	0,07550	0,97531
0x50	 22:54:05.097	 2020-11-06 15:23:17.400	0,2666	0,2144	1,0259	3,9063	20,4468	-1,3428	11,1841	-17,3090	164,3774	22,89	3,71	-136	232	-255	0,11917	0,16147	0,07510	0,97675
0x50	 22:54:05.202	 2020-11-06 15:23:17.500	0,3081	0,1621	0,8638	-8,6060	7,7515	-2,9907	11,0468	-16,5125	164,5422	22,86	3,71	-134	233	-257	0,11874	0,15448	0,07516	0,97794
0x50	 22:54:05.287	 2020-11-06 15:23:17.600	0,2754	0,1670	0,9351	-2,0142	5,6152	2,0752	10,7666	-15,5347	164,3610	22,86	3,71	-131	233	-258	0,12158	0,14594	0,07382	0,97900
0x50	 22:54:05.392	 2020-11-06 15:23:17.700	0,2686	0,1787	0,9141	-1,7700	0,4883	-0,6104	10,4370	-15,1392	164,2676	22,90	3,71	-130	236	-260	0,12320	0,14233	0,07138	0,97949
0x50	 22:54:05.496	 2020-11-06 15:23:17.800	0,2100	0,2061	1,0298	3,1738	12,5732	-1,2207	10,1788	-14,2548	164,2126	22,90	3,71	-128	235	-260	0,12479	0,13452	0,07022	0,98050
0x50	 22:54:05.600	 2020-11-06 15:23:17.900	0,2305	0,1641	0,9307	-2,6855	20,0806	0,7324	10,3821	-12,9089	164,6356	22,90	3,71	-125	235	-265	0,12216	0,12296	0,07413	0,98206
0x50	 22:54:05.686	 2020-11-06 15:23:18.000	0,2227	0,1616	0,9214	-2,5635	2,3804	-0,0610	10,3326	-12,4036	164,6191	22,87	3,71	-118	236	-265	0,12280	0,11862	0,07434	0,98248
0x50	 22:54:05.790	 2020-11-06 15:23:18.100	0,1953	0,1606	0,9321	-10,8032	9,1553	-9,8877	9,4702	-11,6400	163,9874	22,87	3,71	-124	234	-266	0,12973	0,11151	0,06723	0,98294
0x50	 22:54:05.899	 2020-11-06 15:23:18.200	0,2026	0,2051	0,9727	0,9155	3,1128	0,5493	9,2944	-11,0083	163,6414	22,83	3,71	-120	243	-269	0,13342	0,10611	0,06622	0,98312
0x50	 22:54:06.008	 2020-11-06 15:23:18.300	0,1606	0,1577	0,9507	-1,4648	11,2915	1,0376	9,3109	-10,3876	163,7787	22,89	3,71	-117	242	-268	0,13272	0,10071	0,06729	0,98370
0x50	 22:54:06.088	 2020-11-06 15:23:18.400	0,1489	0,1670	0,9722	-3,9063	12,5732	-0,9155	9,0967	-9,2065	163,8885	22,90	3,71	-112	240	-272	0,13287	0,09030	0,06705	0,98471
0x50	 22:54:06.192	 2020-11-06 15:23:18.500	0,1328	0,1221	1,0376	-18,3105	20,5688	-10,3760	7,8168	-7,1960	163,4875	22,92	3,71	-107	239	-274	0,13870	0,07175	0,05832	0,98599
0x50	 22:54:06.298	 2020-11-06 15:23:18.600	0,1309	0,1392	0,9717	2,8687	4,2725	3,9063	7,9266	-7,0587	163,3447	22,91	3,71	-107	244	-273	0,13995	0,07077	0,05936	0,98581
0x50	 22:54:06.381	 2020-11-06 15:23:18.700	0,0874	0,0928	0,8413	-18,0054	41,1377	-3,1128	7,6245	-5,4547	163,6304	22,92	3,71	-104	245	-274	0,13870	0,05646	0,05899	0,98694
0x50	 22:54:06.488	 2020-11-06 15:23:18.800	-0,0259	0,1704	1,0083	5,7983	62,7441	2,0752	6,5698	0,4724	163,5040	22,88	3,71	-87	252	-284	0,14343	0,00412	0,05731	0,98798
0x50	 22:54:06.590	 2020-11-06 15:23:18.900	-0,0552	0,0684	1,0703	-0,9155	2,4414	-1,4648	6,6412	3,9386	164,0479	22,91	3,71	-65	252	-292	0,14038	-0,02594	0,06210	0,98779
0x50	 22:54:06.695	 2020-11-06 15:23:19.000	-0,0596	0,1436	0,9927	-1,4648	-0,4883	-2,6855	6,3391	3,9056	163,4491	22,93	3,72	-65	255	-293	0,14545	-0,02573	0,05960	0,98721
0x50	 22:54:06.791	 2020-11-06 15:23:19.100	-0,0830	0,1006	0,9883	1,5259	2,1362	1,9531	6,4929	4,0979	163,5315	22,90	3,71	-62	252	-296	0,14487	-0,02722	0,06116	0,98715
0x50	 22:54:06.893	 2020-11-06 15:23:19.200	-0,0762	0,1255	0,9727	3,2349	5,9204	2,4414	6,6907	4,4824	163,5260	22,93	3,71	-60	254	-294	0,14514	-0,03030	0,06329	0,98691
0x50	 22:54:06.997	 2020-11-06 15:23:19.300	-0,0898	0,1343	0,9634	5,4321	14,0381	3,7231	7,1906	5,4712	163,8226	22,93	3,71	-57	253	-298	0,14319	-0,03836	0,06873	0,98654
0x50	 22:54:07.107	 2020-11-06 15:23:19.400	-0,1221	0,1289	0,9839	3,9673	9,3384	4,3335	7,7948	6,7456	164,2566	22,91	3,71	-53	251	-304	0,14032	-0,04886	0,07526	0,98602
0x50	 22:54:07.178	 2020-11-06 15:23:19.500	-0,1396	0,1460	0,9800	5,3101	14,8926	4,0894	8,3276	7,9102	164,5587	22,96	3,71	-40	253	-305	0,13858	-0,05841	0,08102	0,98529
0x50	 22:54:07.281	 2020-11-06 15:23:19.600	-0,1611	0,1460	0,9424	4,1504	20,9351	-1,6479	8,7451	9,4537	164,7455	22,90	3,71	-34	250	-309	0,13806	-0,07135	0,08621	0,98407
0x50	 22:54:07.386	 2020-11-06 15:23:19.700	-0,1826	0,1411	0,9023	5,0049	16,4185	-0,8545	9,2285	11,1401	164,7345	22,98	3,72	-32	249	-310	0,13950	-0,08527	0,09222	0,98221
0x50	 22:54:07.479	 2020-11-06 15:23:19.800	-0,2041	0,1494	0,9634	3,7842	14,5874	1,6479	9,8108	13,0682	165,0201	22,93	3,72	-19	248	-316	0,13861	-0,10138	0,09900	0,98013
0x50	 22:54:07.593	 2020-11-06 15:23:19.900	-0,2617	0,2070	0,9785	4,7607	17,2119	-0,3052	10,3107	14,7711	165,0586	22,91	3,72	-11	245	-316	0,13986	-0,11536	0,10501	0,97778
0x50	 22:54:07.676	 2020-11-06 15:23:20.000	-0,2979	0,1782	0,9517	4,4556	13,3667	3,6621	11,1127	16,2103	165,4266	22,94	3,72	-3	238	-320	0,13849	-0,12704	0,11288	0,97565
0x50	 22:54:07.804	 2020-11-06 15:23:20.100	-0,3203	0,1963	0,9189	3,6621	20,3247	-1,3428	11,6949	17,8583	165,5914	22,92	3,72	4	241	-322	0,13892	-0,14056	0,11926	0,97296
0x50	 22:54:07.879	 2020-11-06 15:23:20.200	-0,3608	0,2261	0,9570	5,3101	24,3530	2,1973	12,4750	19,9622	165,8057	22,91	3,72	13	236	-322	0,13962	-0,15778	0,12747	0,96918
0x50	 22:54:07.980	 2020-11-06 15:23:20.300	-0,3579	0,2139	0,9580	0,6104	10,7422	-3,4180	12,8265	21,7365	166,0748	22,91	3,72	28	232	-326	0,13916	-0,17273	0,13162	0,96616
0x50	 22:54:08.085	 2020-11-06 15:23:20.400	-0,3794	0,2114	0,8799	-5,4932	12,0239	-4,8218	12,6672	22,7637	165,8221	22,91	3,72	33	233	-329	0,14182	-0,18127	0,13150	0,96420
0x50	 22:54:08.192	 2020-11-06 15:23:20.500	-0,4087	0,1963	0,8799	-4,6387	8,4839	-2,4414	11,5906	23,9832	165,2563	22,94	3,72	40	235	-326	0,14566	-0,19232	0,12451	0,96243
0x50	 22:54:08.274	 2020-11-06 15:23:20.600	-0,4126	0,1738	0,8643	0,1221	6,0425	0,7935	11,6510	24,6588	165,2948	22,95	3,72	41	240	-327	0,14584	-0,19800	0,12552	0,96109
0x50	 22:54:08.383	 2020-11-06 15:23:20.700	-0,4434	0,1348	0,8623	-2,3804	4,5776	-9,7046	10,8051	25,5377	164,6191	22,98	3,71	45	241	-328	0,15051	-0,20575	0,12045	0,95941
0x50	 22:54:08.487	 2020-11-06 15:23:20.800	-0,3975	0,1602	0,9243	-8,4839	2,9297	-1,4648	10,5743	26,1530	164,4269	22,98	3,72	49	240	-324	0,15204	-0,21109	0,11945	0,95813
0x50	 22:54:08.576	 2020-11-06 15:23:20.900	-0,4717	0,1548	0,8472	-4,2114	4,2114	-4,0283	9,4922	26,4716	163,5919	22,91	3,72	49	247	-321	0,15717	-0,21432	0,11227	0,95746
0x50	 22:54:08.686	 2020-11-06 15:23:21.000	-0,4365	0,1313	0,8735	-7,8125	4,6387	-9,8267	8,7231	27,1143	162,8558	22,93	3,72	47	250	-325	0,16208	-0,22012	0,10797	0,95581
0x50	 22:54:08.794	 2020-11-06 15:23:21.100	-0,4517	0,1597	0,8594	0,8545	0,7324	1,3428	7,8442	27,5977	162,0703	22,94	3,71	45	256	-320	0,16702	-0,22473	0,10269	0,95447
0x50	 22:54:08.881	 2020-11-06 15:23:21.200	-0,4810	0,1157	0,8892	-3,7231	0,6104	0,3052	7,2620	27,9492	162,0154	22,96	3,71	48	256	-318	0,16644	-0,22842	0,09839	0,95413
0x50	 22:54:08.984	 2020-11-06 15:23:21.300	-0,4756	0,0859	0,8647	-13,6719	11,3525	-2,6855	6,6193	28,3337	161,8890	22,93	3,72	51	259	-319	0,16626	-0,23248	0,09372	0,95367
0x50	 22:54:09.088	 2020-11-06 15:23:21.400	-0,4536	0,0776	0,8022	-12,8784	11,1694	-12,1460	5,1965	29,2291	160,9277	22,98	3,71	54	266	-315	0,17139	-0,24133	0,08502	0,95139
0x50	 22:54:09.174	 2020-11-06 15:23:21.500	-0,4941	0,0317	0,8286	-12,4512	12,8784	0,9155	3,7738	30,5695	160,5597	22,91	3,72	54	276	-312	0,17133	-0,25433	0,07581	0,94876
0x50	 22:54:09.275	 2020-11-06 15:23:21.600	-0,5122	0,0776	0,8735	4,6387	-3,6011	-0,8545	2,8729	31,1682	160,0214	22,97	3,72	62	277	-309	0,17361	-0,26031	0,07034	0,94714
0x50	 22:54:09.387	 2020-11-06 15:23:21.700	-0,5298	0,0674	0,8477	-7,1411	3,2349	-3,1128	2,5983	31,2836	159,8566	22,94	3,72	59	281	-311	0,17435	-0,26160	0,06863	0,94681
0x50	 22:54:09.491	 2020-11-06 15:23:21.800	-0,5166	0,0259	0,8877	-1,9531	3,7231	-1,6479	2,1643	31,8054	159,7852	22,94	3,72	61	281	-306	0,17380	-0,26651	0,06598	0,94571
0x50	 22:54:09.570	 2020-11-06 15:23:21.900	-0,5415	-0,0039	0,8638	0,7935	2,1362	-3,9673	2,4939	31,7340	159,6588	23,02	3,72	61	279	-311	0,17563	-0,26535	0,06888	0,94550
0x50	 22:54:09.684	 2020-11-06 15:23:22.000	-0,5142	0,0151	0,8770	1,7700	-0,4272	2,2583	2,4774	31,7725	159,5544	22,97	3,72	61	281	-308	0,17645	-0,26563	0,06903	0,94525
0x50	 22:54:09.772	 2020-11-06 15:23:22.100	-0,5239	0,0967	0,8481	23,6816	-21,7896	15,3809	3,8837	30,7837	159,8566	22,94	3,71	60	279	-309	0,17734	-0,25546	0,07855	0,94714
0x50	 22:54:09.881	 2020-11-06 15:23:22.200	-0,4829	0,0894	0,8813	2,3193	-15,6860	-2,0752	5,5591	28,6578	160,4773	22,97	3,71	52	270	-312	0,17587	-0,23566	0,08820	0,95169
0x50	 22:54:09.983	 2020-11-06 15:23:22.300	-0,4707	0,0820	0,8809	8,6060	1,0986	-2,6245	6,1194	27,7295	160,4169	22,99	3,71	46	267	-318	0,17746	-0,22699	0,09177	0,95316
0x50	 22:54:10.073	 2020-11-06 15:23:22.400	-0,4502	0,1699	0,8745	14,4043	-11,9019	8,4229	7,2894	27,0978	160,6036	23,02	3,71	43	260	-316	0,17810	-0,22003	0,10034	0,95380
0x50	 22:54:10.188	 2020-11-06 15:23:22.500	-0,4517	0,1201	0,9146	4,7607	-7,9956	3,3569	8,1244	26,4111	161,2463	22,99	3,71	42	255	-318	0,17413	-0,21362	0,10516	0,95547
0x50	 22:54:10.271	 2020-11-06 15:23:22.600	-0,4370	0,1631	0,9307	9,7656	-19,3481	14,1602	9,1791	24,8401	162,0703	22,96	3,71	38	249	-318	0,16867	-0,19962	0,11060	0,95886
0x50	 22:54:10.372	 2020-11-06 15:23:22.700	-0,3833	0,1401	0,8872	6,4087	-8,3008	8,2397	10,6018	22,7747	163,0426	23,03	3,71	31	245	-322	0,16196	-0,18109	0,11856	0,96274
0x50	 22:54:10.469	 2020-11-06 15:23:22.800	-0,3809	0,1631	0,8926	-2,5635	-8,1177	-0,9155	10,7281	21,8463	162,9877	23,00	3,71	27	244	-321	0,16211	-0,17300	0,11868	0,96420
0x50	 22:54:10.572	 2020-11-06 15:23:22.900	-0,3398	0,1650	0,9014	-2,1973	-13,9160	-0,4272	10,1953	20,5280	162,5922	22,98	3,72	23	243	-320	0,16394	-0,16220	0,11328	0,96640
0x50	 22:54:10.676	 2020-11-06 15:23:23.000	-0,3120	0,1582	0,9712	-4,1504	-19,5313	2,3193	9,8712	19,1656	162,5757	22,99	3,71	14	246	-320	0,16290	-0,15112	0,10898	0,96887
0x50	 22:54:10.777	 2020-11-06 15:23:23.100	-0,3076	0,1572	0,9053	-1,7090	-15,0146	2,4414	9,5197	17,2705	162,3834	22,99	3,72	8	248	-317	0,16315	-0,13531	0,10400	0,97171
0x50	 22:54:10.871	 2020-11-06 15:23:23.200	-0,2847	0,1533	0,9209	1,4038	-2,8687	2,6855	9,5416	16,5289	162,4384	22,98	3,72	0	245	-316	0,16232	-0,12900	0,10324	0,97278
0x50	 22:54:10.974	 2020-11-06 15:23:23.300	-0,2720	0,1465	0,9277	-0,9155	-2,9297	1,2817	9,5746	16,1993	162,5647	23,02	3,72	-3	247	-317	0,16110	-0,12625	0,10294	0,97339
0x50	 22:54:11.070	 2020-11-06 15:23:23.400	-0,2920	0,1880	1,0503	4,5166	-24,4141	9,8267	9,7668	15,5511	162,6965	22,99	3,72	-5	247	-315	0,15985	-0,12057	0,10370	0,97421
0x50	 22:54:11.175	 2020-11-06 15:23:23.500	-0,2163	0,1548	0,9233	2,3804	-11,8408	4,3335	10,4480	12,8540	163,4601	23,02	3,72	-12	245	-316	0,15237	-0,09729	0,10559	0,97781
0x50	 22:54:11.272	 2020-11-06 15:23:23.600	-0,2017	0,1646	0,9648	-0,6714	-12,0239	1,5869	10,3766	12,1509	163,4161	23,02	3,71	-16	246	-313	0,15228	-0,09134	0,10419	0,97855
0x50	 22:54:11.377	 2020-11-06 15:23:23.700	-0,2666	0,2065	1,0693	2,6855	-17,3950	3,4180	10,3436	11,0138	163,2733	23,03	3,72	-19	247	-314	0,15274	-0,08154	0,10266	0,97952
0x50	 22:54:11.480	 2020-11-06 15:23:23.800	-0,0957	0,1611	0,9365	0,5493	-27,1606	1,6479	10,7281	7,7454	163,3722	23,05	3,72	-32	245	-312	0,14987	-0,05307	0,10202	0,98196
0x50	 22:54:11.581	 2020-11-06 15:23:23.900	-0,1035	0,1851	0,9395	-0,2441	0,7935	0,9155	10,6567	6,4490	163,2129	23,03	3,72	-40	240	-310	0,15024	-0,04190	0,09991	0,98267
0x50	 22:54:11.682	 2020-11-06 15:23:24.000	-0,0996	0,1411	0,9473	4,3945	-14,0991	3,6621	10,8710	6,0919	163,4656	22,99	3,72	-43	240	-309	0,14786	-0,03879	0,10123	0,98303
0x50	 22:54:11.764	 2020-11-06 15:23:24.100	-0,0938	0,1860	0,9712	4,7607	-8,8501	5,7983	11,2885	4,9823	163,6523	22,99	3,72	-48	238	-306	0,14557	-0,02887	0,10339	0,98349
0x50	 22:54:11.891	 2020-11-06 15:23:24.200	-0,0718	0,1465	0,9614	-6,2866	-9,0332	-1,0986	11,4258	4,0594	163,8995	23,00	3,72	-51	236	-307	0,14273	-0,02097	0,10345	0,98410
0x50	 22:54:11.968	 2020-11-06 15:23:24.300	-0,0430	0,1997	0,9448	-2,1973	-4,7607	-2,0142	11,0248	3,2025	163,3447	23,08	3,72	-57	237	-303	0,14670	-0,01364	0,09903	0,98410
0x50	 22:54:12.071	 2020-11-06 15:23:24.400	-0,0146	0,1851	0,9614	2,9907	-16,1133	3,0518	11,1566	2,2522	163,3282	23,01	3,72	-60	240	-300	0,14609	-0,00528	0,09903	0,98425
0x50	 22:54:12.193	 2020-11-06 15:23:24.500	-0,0288	0,2061	0,9741	5,5542	-12,0239	3,7842	11,5356	1,0107	163,3667	23,01	3,72	-64	238	-300	0,14474	0,00583	0,10071	0,98428
0x50	 22:54:12.284	 2020-11-06 15:23:24.600	-0,0132	0,1890	0,9761	0,3052	0,2441	0,1831	11,6675	0,4010	163,5260	23,02	3,72	-68	237	-298	0,14285	0,01108	0,10110	0,98450
0x50	 22:54:12.360	 2020-11-06 15:23:24.700	0,0073	0,2441	0,9570	10,9863	-4,1504	9,8267	12,4585	0,1648	163,9490	23,07	3,71	-69	235	-299	0,13892	0,01370	0,10767	0,98431
0x50	 22:54:12.471	 2020-11-06 15:23:24.800	0,0073	0,1802	0,9355	0,5493	-6,5308	3,0518	13,0627	-0,6207	164,6411	23,06	3,71	-66	230	-298	0,13211	0,02054	0,11203	0,98465
0x50	 22:54:12.601	 2020-11-06 15:23:24.900	0,0127	0,2295	0,9888	4,4556	-4,7607	3,6011	13,1451	-0,8789	164,6246	23,04	3,71	-68	230	-297	0,13199	0,02289	0,11243	0,98456
0x50	 22:54:12.669	 2020-11-06 15:23:25.000	0,0405	0,2334	0,9507	-0,7935	-5,9204	-1,8921	13,0353	-1,7853	164,4928	23,03	3,72	-74	228	-296	0,13226	0,03064	0,11038	0,98456
0x50	 22:54:12.771	 2020-11-06 15:23:25.100	0,0576	0,2334	0,9795	-0,9766	-6,2866	0,8545	12,9749	-2,3236	164,3610	23,05	3,71	-74	229	-295	0,13287	0,03534	0,10919	0,98444
0x50	 22:54:12.879	 2020-11-06 15:23:25.200	0,0527	0,2246	0,9570	0,9766	-8,9111	2,8687	13,0243	-3,1805	164,3555	23,08	3,71	-78	229	-292	0,13202	0,04276	0,10858	0,98434
0x50	 22:54:12.968	 2020-11-06 15:23:25.300	0,0527	0,2227	0,9521	2,3193	-6,6528	2,9297	13,0902	-3,7299	164,4104	23,12	3,71	-77	231	-292	0,13092	0,04745	0,10852	0,98428
0x50	 22:54:13.070	 2020-11-06 15:23:25.400	0,0410	0,2197	0,9795	0,0000	-2,6855	0,9155	13,0627	-4,0265	164,4489	23,05	3,71	-83	228	-293	0,13031	0,04999	0,10791	0,98428
0x50	 22:54:13.181	 2020-11-06 15:23:25.500	0,1245	0,2021	0,9238	2,8687	-11,9019	5,8594	13,3154	-4,7681	164,4763	23,12	3,71	-84	227	-287	0,12918	0,05661	0,10922	0,98395
0x50	 22:54:13.258	 2020-11-06 15:23:25.600	0,1060	0,2339	0,9546	-0,7935	-2,9907	0,8545	13,3374	-5,2185	164,5313	23,02	3,71	-88	230	-291	0,12823	0,06046	0,10886	0,98389
0x50	 22:54:13.365	 2020-11-06 15:23:25.700	0,0977	0,2334	0,9648	2,8687	-5,0659	2,4414	13,4088	-5,4712	164,5477	23,05	3,71	-88	228	-289	0,12781	0,06268	0,10916	0,98376
0x50	 22:54:13.467	 2020-11-06 15:23:25.800	0,0850	0,2329	0,9551	3,8452	0,7324	3,2349	13,7274	-5,6305	164,7949	23,08	3,71	-88	230	-289	0,12534	0,06412	0,11185	0,98367
0x50	 22:54:13.572	 2020-11-06 15:23:25.900	0,1035	0,2271	0,9507	5,4932	-0,7935	8,7280	14,4910	-5,6305	165,3772	23,06	3,71	-86	229	-290	0,11990	0,06436	0,11874	0,98352
0x50	 22:54:13.699	 2020-11-06 15:23:26.000	0,0923	0,2471	0,9849	6,1035	-4,5166	4,9438	14,9634	-5,8887	165,8386	23,09	3,71	-83	228	-292	0,11539	0,06656	0,12280	0,98343
0x50	 22:54:13.763	 2020-11-06 15:23:26.100	0,1162	0,2363	0,9331	1,6479	-6,5918	1,0376	15,1501	-6,9269	166,0309	23,10	3,71	-87	222	-291	0,11237	0,07544	0,12332	0,98306
0x50	 22:54:13.872	 2020-11-06 15:23:26.200	0,1440	0,2622	0,9331	3,9063	-1,9531	4,3335	15,5182	-7,3389	166,1627	23,10	3,71	-90	222	-289	0,11047	0,07919	0,12613	0,98264
0x50	 22:54:13.976	 2020-11-06 15:23:26.300	0,1431	0,2720	0,9546	2,4414	-9,2773	5,4321	15,8368	-7,7399	166,3440	23,04	3,71	-91	222	-292	0,10822	0,08270	0,12854	0,98230
0x50	 22:54:14.080	 2020-11-06 15:23:26.400	0,1514	0,2568	0,9404	-4,4556	-19,3481	0,9766	15,7928	-9,1296	166,2396	23,09	3,71	-93	222	-290	0,10739	0,09467	0,12653	0,98157
0x50	 22:54:14.187	 2020-11-06 15:23:26.500	0,1738	0,2788	0,9697	-5,1270	-26,0620	-2,8687	15,0458	-11,1456	165,2509	23,09	3,71	-104	224	-285	0,11401	0,11218	0,11685	0,98016
0x50	 22:54:14.277	 2020-11-06 15:23:26.600	0,2134	0,2407	0,8945	3,4180	-8,6670	3,7842	15,1117	-12,8046	164,9048	23,11	3,71	-108	224	-281	0,11481	0,12677	0,11502	0,97852
0x50	 22:54:14.355	 2020-11-06 15:23:26.700	0,2681	0,2090	0,9131	-2,2583	-9,7046	0,0610	15,1172	-13,7000	165,0256	23,07	3,71	-111	223	-278	0,11264	0,13428	0,11407	0,97787
0x50	 22:54:14.466	 2020-11-06 15:23:26.800	0,2476	0,3042	0,9224	0,3662	-5,3101	1,0986	15,0732	-14,6283	164,7949	23,07	3,71	-113	223	-273	0,11346	0,14233	0,11227	0,97684
0x50	 22:54:14.569	 2020-11-06 15:23:26.900	0,2461	0,2568	0,9590	2,1362	-11,1694	3,7842	15,2875	-15,3314	164,9323	23,11	3,71	-120	223	-271	0,11115	0,14835	0,11334	0,97610
0x50	 22:54:14.653	 2020-11-06 15:23:27.000	0,2769	0,2490	0,9297	1,3428	-14,4043	1,2817	15,4028	-16,6443	164,8169	23,13	3,71	-123	222	-267	0,11026	0,15970	0,11249	0,97449
0x50	 22:54:14.758	 2020-11-06 15:23:27.100	0,3086	0,2271	0,9331	-7,2632	-24,1699	-5,1880	15,0897	-18,1989	164,2676	23,09	3,71	-126	223	-264	0,11334	0,17307	0,10696	0,97247
0x50	 22:54:14.863	 2020-11-06 15:23:27.200	0,3345	0,2505	0,9297	5,1270	-23,6816	8,0566	15,2930	-20,3357	163,8336	23,10	3,71	-136	223	-259	0,11389	0,19165	0,10504	0,96915
0x50	 22:54:14.960	 2020-11-06 15:23:27.300	0,3818	0,2910	0,8433	6,1646	-7,9956	8,4229	15,7819	-22,3187	163,9160	23,10	3,71	-140	223	-256	0,10959	0,20865	0,10654	0,96594
0x50	 22:54:15.072	 2020-11-06 15:23:27.400	0,3760	0,2510	0,8784	2,2583	-6,1035	-0,3052	16,0675	-23,0054	164,4543	23,13	3,71	-140	222	-254	0,10358	0,21417	0,10898	0,96515
0x50	 22:54:15.151	 2020-11-06 15:23:27.500	0,4004	0,2451	0,8799	-2,8687	-10,9253	1,0376	16,0565	-23,6975	164,4104	23,12	3,71	-142	221	-248	0,10300	0,22000	0,10785	0,96402
0x50	 22:54:15.258	 2020-11-06 15:23:27.600	0,4277	0,2437	0,8608	-0,3052	-12,8784	0,4883	16,0730	-24,8346	164,2072	23,10	3,71	-150	225	-248	0,10303	0,22968	0,10599	0,96194
0x50	 22:54:15.364	 2020-11-06 15:23:27.700	0,4175	0,2563	0,8765	0,0610	-11,2305	2,0142	16,2158	-25,7520	164,0314	23,13	3,71	-149	223	-242	0,10287	0,23758	0,10553	0,96011
0x50	 22:54:15.463	 2020-11-06 15:23:27.800	0,4526	0,2603	0,8472	-2,0142	-14,3433	0,7935	16,1664	-27,0703	163,7073	23,13	3,71	-155	224	-242	0,10379	0,24875	0,10248	0,95749
0x50	 22:54:15.568	 2020-11-06 15:23:27.900	0,4785	0,2617	0,8384	-1,0986	-20,6909	-0,3052	16,2598	-28,7347	163,2349	23,12	3,71	-160	222	-232	0,10504	0,26300	0,09973	0,95383
0x50	 22:54:15.671	 2020-11-06 15:23:28.000	0,4922	0,2466	0,8442	0,3052	-16,3574	3,4790	16,4685	-30,3882	163,0151	23,18	3,71	-166	224	-227	0,10388	0,27695	0,09842	0,95013
0x50	 22:54:15.750	 2020-11-06 15:23:28.100	0,4917	0,2524	0,8613	1,0986	-1,2207	2,2583	16,4575	-31,1407	163,0371	23,18	3,71	-169	220	-226	0,10257	0,28308	0,09720	0,94861
0x50	 22:54:15.865	 2020-11-06 15:23:28.200	0,5444	0,2656	0,8330	-3,1128	-8,9722	-0,4272	16,3971	-31,9208	162,7899	23,13	3,71	-172	223	-223	0,10358	0,28964	0,09485	0,94675
0x50	 22:54:15.951	 2020-11-06 15:23:28.300	0,5000	0,2559	0,8315	-5,4932	-11,4746	4,8218	16,1334	-32,8711	162,7130	23,12	3,71	-172	224	-219	0,10342	0,29718	0,09097	0,94482
0x50	 22:54:16.068	 2020-11-06 15:23:28.400	0,5464	0,2451	0,8096	-2,3804	-9,6436	0,9766	15,7544	-33,9587	162,5482	23,11	3,71	-177	227	-213	0,10410	0,30585	0,08569	0,94247
0x50	 22:54:16.160	 2020-11-06 15:23:28.500	0,5581	0,2324	0,7744	-3,5400	-12,6343	3,6621	15,6061	-35,1727	162,3889	23,12	3,71	-181	228	-211	0,10400	0,31564	0,08209	0,93954
0x50	 22:54:16.274	 2020-11-06 15:23:28.600	0,6118	0,2598	0,7100	-7,4463	-12,8784	8,9722	14,9194	-36,7273	162,1967	23,17	3,71	-182	228	-200	0,10516	0,32770	0,07339	0,93600
0x50	 22:54:16.358	 2020-11-06 15:23:28.700	0,6489	0,1602	0,7476	-1,7090	-1,5259	1,1597	14,1614	-37,6556	163,0536	23,12	3,71	-185	235	-195	0,09900	0,33398	0,06821	0,93488
0x50	 22:54:16.478	 2020-11-06 15:23:28.800	0,6240	0,1416	0,7759	-4,0894	-7,9346	0,2441	14,0735	-37,9468	163,4161	23,16	3,71	-185	235	-197	0,09589	0,33600	0,06815	0,93448
0x50	 22:54:16.568	 2020-11-06 15:23:28.900	0,5898	0,2119	0,7852	0,4272	-0,6714	2,3193	13,7604	-38,3258	163,4326	23,15	3,71	-185	237	-197	0,09613	0,33881	0,06503	0,93365
0x50	 22:54:16.655	 2020-11-06 15:23:29.000	0,5977	0,2075	0,7959	-1,8311	-3,7231	0,1831	13,5681	-38,5181	163,4875	23,15	3,71	-186	236	-193	0,09598	0,34015	0,06335	0,93329
0x50	 22:54:16.754	 2020-11-06 15:23:29.100	0,6187	0,1855	0,8047	-4,2725	-7,1411	-0,4272	13,3099	-38,8422	163,3722	23,16	3,71	-188	236	-191	0,09726	0,34262	0,06039	0,93246
0x50	 22:54:16.860	 2020-11-06 15:23:29.200	0,6279	0,1514	0,7231	-1,9531	-9,5215	-2,6855	13,2275	-39,5673	163,0371	23,17	3,71	-190	240	-188	0,09924	0,34854	0,05759	0,93024
0x50	 22:54:16.965	 2020-11-06 15:23:29.300	0,6318	0,1450	0,7515	-3,0518	-2,6855	0,4272	12,9858	-40,0507	162,6801	23,15	3,71	-190	237	-186	0,10223	0,35239	0,05380	0,92868
0x50	 22:54:17.054	 2020-11-06 15:23:29.400	0,6479	0,1851	0,7402	-1,7700	-3,3569	2,2583	12,7661	-40,2649	162,7460	23,12	3,71	-193	241	-181	0,10208	0,35385	0,05188	0,92825
0x50	 22:54:17.158	 2020-11-06 15:23:29.500	0,6274	0,1914	0,7437	0,4272	0,0000	2,6855	12,5903	-40,4022	162,8613	23,21	3,71	-192	240	-182	0,10150	0,35477	0,05063	0,92804
0x50	 22:54:17.265	 2020-11-06 15:23:29.600	0,6528	0,1851	0,7197	-1,2207	-2,0752	0,8545	12,4750	-40,4517	163,0151	23,15	3,71	-192	244	-183	0,10059	0,35495	0,05008	0,92810
0x50	 22:54:17.366	 2020-11-06 15:23:29.700	0,6211	0,1660	0,7080	-2,3193	1,9531	-0,1831	12,3212	-40,3088	163,2788	23,17	3,71	-192	246	-180	0,09909	0,35358	0,04987	0,92877
0x50	 22:54:17.447	 2020-11-06 15:23:29.800	0,6470	0,1646	0,7524	-0,1831	0,2441	2,1973	12,0520	-39,9628	163,4766	23,11	3,71	-192	242	-185	0,09875	0,35049	0,04883	0,93002
0x50	 22:54:17.558	 2020-11-06 15:23:29.900	0,6533	0,1582	0,7358	5,3101	5,4321	1,0376	12,0850	-39,6991	163,6908	23,19	3,71	-190	240	-187	0,09723	0,34830	0,05014	0,93097
0x50	 22:54:17.662	 2020-11-06 15:23:30.000	0,5894	0,1592	0,7739	1,5869	13,4888	-2,5024	13,1891	-37,9028	164,6906	23,18	3,71	-185	241	-193	0,08813	0,33423	0,06470	0,93610
0x50	 22:54:17.763	 2020-11-06 15:23:30.100	0,6123	0,1748	0,7949	-1,2817	3,9673	0,9155	13,1396	-37,0020	164,6796	23,21	3,71	-183	238	-198	0,08954	0,32690	0,06552	0,93851
0x50	 22:54:17.853	 2020-11-06 15:23:30.200	0,5884	0,2266	0,8120	-1,9531	2,8687	0,0000	12,8925	-36,5680	164,8114	23,17	3,71	-180	241	-203	0,08975	0,32312	0,06448	0,93985
0x50	 22:54:17.952	 2020-11-06 15:23:30.300	0,5801	0,1782	0,7554	-0,6104	6,7749	-0,3052	12,7606	-36,0406	164,8553	23,13	3,71	-180	236	-202	0,09039	0,31866	0,06424	0,94135
0x50	 22:54:18.053	 2020-11-06 15:23:30.400	0,5615	0,1924	0,7871	-3,1128	9,9487	-0,3052	12,5189	-35,0299	164,9158	23,20	3,71	-181	241	-204	0,09186	0,31021	0,06381	0,94403
0x50	 22:54:18.155	 2020-11-06 15:23:30.500	0,5913	0,1860	0,7969	6,8970	15,2588	-0,0610	12,5464	-33,8544	165,0037	23,13	3,71	-177	239	-210	0,09250	0,30060	0,06589	0,94693
0x50	 22:54:18.259	 2020-11-06 15:23:30.600	0,5474	0,1973	0,7969	6,6528	13,7939	-0,5493	13,0792	-32,3712	165,3882	23,18	3,71	-172	236	-216	0,08975	0,28860	0,07330	0,95038
0x50	 22:54:18.341	 2020-11-06 15:23:30.700	0,5068	0,1826	0,8022	7,8125	24,3530	-0,9155	13,1781	-30,9595	165,5420	23,18	3,71	-169	236	-222	0,09006	0,27695	0,07635	0,95358
0x50	 22:54:18.460	 2020-11-06 15:23:30.800	0,3369	0,3042	0,9585	9,7046	23,1934	5,6152	13,6011	-28,0920	166,0254	23,20	3,71	-165	234	-229	0,08862	0,25317	0,08472	0,95959
0x50	 22:54:18.551	 2020-11-06 15:23:30.900	0,4258	0,2251	0,9028	-1,0986	25,8179	-8,7891	13,5681	-26,3727	165,8606	23,20	3,71	-156	231	-234	0,09222	0,23898	0,08624	0,96277
0x50	 22:54:18.679	 2020-11-06 15:23:31.000	0,4590	0,1538	0,8286	-8,6060	17,9443	-7,5684	13,0133	-24,4611	165,9375	23,18	3,71	-150	232	-244	0,09497	0,22247	0,08417	0,96661
0x50	 22:54:18.761	 2020-11-06 15:23:31.100	0,4453	0,2041	0,7861	0,1221	17,0288	-3,8452	13,0408	-23,0713	165,6464	23,18	3,71	-147	230	-247	0,09906	0,21103	0,08557	0,96866
0x50	 22:54:18.867	 2020-11-06 15:23:31.200	0,3037	0,2007	0,9185	-2,6245	19,4702	-6,5308	12,9694	-21,0608	165,6354	23,24	3,71	-143	231	-251	0,10162	0,19403	0,08749	0,97177
0x50	 22:54:18.956	 2020-11-06 15:23:31.300	0,3472	0,1973	0,9316	0,1221	11,6577	-3,2959	13,0188	-18,8745	165,5585	23,19	3,71	-137	230	-260	0,10471	0,17569	0,09045	0,97464
0x50	 22:54:19.046	 2020-11-06 15:23:31.400	0,2793	0,3062	0,9854	6,2256	18,9819	-2,5635	13,2440	-17,4628	165,2399	23,20	3,71	-135	226	-263	0,10873	0,16418	0,09369	0,97592
0x50	 22:54:19.154	 2020-11-06 15:23:31.500	0,2715	0,2563	0,9395	0,1831	11,1694	-10,0098	13,4363	-15,8203	165,0641	23,20	3,71	-130	227	-268	0,11185	0,15060	0,09714	0,97742
0x50	 22:54:19.245	 2020-11-06 15:23:31.600	0,2466	0,2007	0,9087	1,6479	30,1514	-0,9766	13,9087	-14,1119	165,0751	23,23	3,71	-125	223	-273	0,11313	0,13654	0,10333	0,97870
0x50	 22:54:19.350	 2020-11-06 15:23:31.700	0,2266	0,2817	0,9683	0,9155	5,0659	-2,9907	13,9197	-12,5848	165,3992	23,21	3,71	-117	226	-280	0,11215	0,12320	0,10568	0,98032
0x50	 22:54:19.452	 2020-11-06 15:23:31.800	0,1079	0,2979	1,0615	4,2114	14,7705	3,3569	14,2493	-11,1566	165,6024	23,18	3,71	-112	221	-285	0,11176	0,11118	0,11041	0,98129
0x50	 22:54:19.558	 2020-11-06 15:23:31.900	0,1904	0,2188	0,8711	-7,9956	20,5688	-8,9722	13,7549	-10,0360	165,3113	23,24	3,71	-110	222	-287	0,11600	0,10141	0,10718	0,98221
0x50	 22:54:19.644	 2020-11-06 15:23:32.000	0,0796	0,2056	1,0366	4,1504	10,3149	-0,3052	13,7494	-7,5201	165,2509	23,21	3,71	-100	222	-292	0,11932	0,07993	0,11008	0,98346
0x50	 22:54:19.752	 2020-11-06 15:23:32.100	0,2100	0,2759	0,9810	-1,8921	6,2866	0,9155	13,7494	-7,0422	165,0751	23,22	3,71	-95	221	-295	0,12137	0,07599	0,11057	0,98349
0x50	 22:54:19.853	 2020-11-06 15:23:32.200	0,1108	0,2031	0,9141	-2,3804	12,3291	0,6714	13,7000	-6,5479	165,5090	23,20	3,71	-94	223	-298	0,11823	0,07129	0,11099	0,98416
0x50	 22:54:19.962	 2020-11-06 15:23:32.300	0,0645	0,1899	0,8540	2,4414	1,1597	3,9063	13,8922	-5,1526	165,7562	23,17	3,71	-92	223	-300	0,11749	0,05930	0,11438	0,98465
0x50	 22:54:20.036	 2020-11-06 15:23:32.400	0,0454	0,3555	1,0977	7,3853	9,9487	5,7983	13,9142	-4,2847	165,7068	23,23	3,71	-88	222	-304	0,11890	0,05188	0,11551	0,98477
0x50	 22:54:20.150	 2020-11-06 15:23:32.500	0,0347	0,2866	1,0786	2,3804	7,3242	-3,5400	14,0405	-3,2849	165,8661	23,24	3,72	-83	222	-308	0,11856	0,04327	0,11777	0,98499
0x50	 22:54:20.237	 2020-11-06 15:23:32.600	0,0776	0,2349	0,9043	-7,8735	8,6060	0,3052	14,0240	-2,9498	165,7727	23,22	3,71	-81	225	-307	0,11969	0,04044	0,11795	0,98492
0x50	 22:54:20.345	 2020-11-06 15:23:32.700	0,0107	0,2334	0,9038	2,5635	20,0195	10,4370	13,4418	-1,4996	166,1572	23,21	3,71	-75	226	-310	0,11810	0,02701	0,11462	0,98596
0x50	 22:54:20.450	 2020-11-06 15:23:32.800	-0,0654	0,2437	1,1055	-0,7324	1,6479	-2,1362	12,7881	0,5219	166,8549	23,20	3,71	-62	228	-316	0,11420	0,00818	0,11118	0,98715
0x50	 22:54:20.562	 2020-11-06 15:23:32.900	0,0254	0,2104	0,9238	-3,6011	1,3428	0,0000	12,4146	0,5713	166,6241	23,27	3,71	-60	232	-317	0,11627	0,00763	0,10800	0,98727
0x50	 22:54:20.644	 2020-11-06 15:23:33.000	0,0161	0,1987	0,9487	3,9673	3,2959	-2,6245	12,5739	0,5988	166,4594	23,23	3,71	-61	234	-315	0,11771	0,00772	0,10934	0,98697
0x50	 22:54:20.739	 2020-11-06 15:23:33.100	-0,0283	0,2520	0,9858	-0,3052	1,0986	0,8545	12,9639	0,9943	166,2671	23,25	3,71	-61	231	-318	0,11972	0,00491	0,11313	0,98630
0x50	 22:54:20.840	 2020-11-06 15:23:33.200	-0,0029	0,2012	0,9165	-1,1597	7,9346	-2,3804	12,8870	1,3184	166,2451	23,24	3,71	-58	231	-319	0,12024	0,00204	0,11279	0,98630
0x50	 22:54:20.945	 2020-11-06 15:23:33.300	-0,1782	0,4399	1,2690	22,7661	11,4136	5,6152	13,0792	3,2520	166,1847	23,22	3,71	-53	234	-319	0,12262	-0,01428	0,11642	0,98547
0x50	 22:54:21.050	 2020-11-06 15:23:33.400	0,0356	0,2104	0,8760	-4,2114	-6,7139	-5,7373	12,8925	2,2522	165,9869	23,21	3,71	-54	232	-320	0,12335	-0,00571	0,11383	0,98578
0x50	 22:54:21.134	 2020-11-06 15:23:33.500	-0,0322	0,1851	0,9790	0,3662	7,3242	2,3804	13,0408	2,3676	166,1023	23,28	3,71	-55	229	-321	0,12247	-0,00662	0,11520	0,98572
0x50	 22:54:21.240	 2020-11-06 15:23:33.600	-0,0347	0,2412	0,9390	0,3662	7,0801	0,3662	13,0518	2,8564	165,9869	23,19	3,71	-54	232	-323	0,12390	-0,01074	0,11578	0,98544
0x50	 22:54:21.345	 2020-11-06 15:23:33.700	-0,0903	0,2471	1,0396	3,3569	4,3335	0,6714	13,1946	3,5760	166,1133	23,22	3,71	-50	230	-325	0,12357	-0,01691	0,11777	0,98517
0x50	 22:54:21.433	 2020-11-06 15:23:33.800	-0,0513	0,2446	0,9312	-0,4883	2,2583	0,1221	13,2880	3,6145	166,0474	23,28	3,71	-50	230	-321	0,12418	-0,01706	0,11862	0,98499
0x50	 22:54:21.548	 2020-11-06 15:23:33.900	-0,0850	0,2056	0,9668	0,0000	2,9907	1,8311	13,5077	4,0704	166,2451	23,26	3,71	-46	233	-324	0,12296	-0,02097	0,12094	0,98477
0x50	 22:54:21.651	 2020-11-06 15:23:34.000	-0,1079	0,2783	1,0771	4,1504	2,9297	0,2441	13,3209	4,4769	166,0913	23,26	3,71	-46	234	-323	0,12463	-0,02448	0,11975	0,98462
0x50	 22:54:21.734	 2020-11-06 15:23:34.100	-0,0684	0,2388	0,9424	-0,3052	1,4038	-0,1831	13,3813	4,4879	166,0144	23,24	3,71	-44	235	-327	0,12531	-0,02444	0,12033	0,98447
0x50	 22:54:21.829	 2020-11-06 15:23:34.200	-0,0640	0,2378	0,9521	-0,5493	1,3428	0,0610	13,3594	4,4385	165,9375	23,24	3,71	-46	234	-324	0,12592	-0,02396	0,12006	0,98444
0x50	 22:54:21.935	 2020-11-06 15:23:34.300	-0,0615	0,2241	0,9478	-5,9814	-0,0610	-3,7842	12,9529	4,4330	165,6573	23,28	3,71	-48	233	-323	0,12827	-0,02408	0,11664	0,98456
