StartTime: 2020-12-22 23:29:56.389
address	Time(s)	ChipTime	ax(g)	ay(g)	az(g)	wx(deg/s)	wy(deg/s)	wz(deg/s)	AngleX(deg)	AngleY(deg)	AngleZ(deg)	T(°)	Voltage(v)	hx	hy	hz	q0	q1	q2	q3
0x50	 23:29:56.389	 2020-11-06 15:59:13.490	0,2500	-0,0234	0,9941	0,6104	0,9155	-0,3662	-2,1753	-14,4470	-35,5243	30,59	3,67	-57	-15	-301	-0,94385	0,05627	0,11398	0,30487
0x50	 23:29:56.495	 2020-11-06 15:59:13.590	0,2334	-0,0410	0,9644	-1,2207	1,2817	-1,5869	-2,0160	-14,3207	-35,5133	30,53	3,67	-59	-12	-302	-0,94409	0,05466	0,11337	0,30463
0x50	 23:29:56.600	 2020-11-06 15:59:13.690	0,2441	-0,0259	0,9590	-1,0376	1,3428	-1,0376	-2,1478	-14,1669	-35,7275	30,52	3,67	-57	-11	-299	-0,94363	0,05554	0,11166	0,30655
0x50	 23:29:56.682	 2020-11-06 15:59:13.790	0,2305	-0,0469	0,9585	1,8921	0,0000	0,3052	-2,0215	-14,1064	-36,0406	30,54	3,67	-56	-12	-301	-0,94290	0,05463	0,11133	0,30905
0x50	 23:29:56.783	 2020-11-06 15:59:13.890	0,2319	-0,0317	0,9814	4,2114	0,0610	1,0986	-1,8622	-14,0845	-36,1505	30,54	3,67	-57	-10	-298	-0,94272	0,05338	0,11151	0,30978
0x50	 23:29:56.886	 2020-11-06 15:59:13.990	0,2339	-0,0313	0,9644	5,4321	0,5493	3,3569	-1,2854	-13,9746	-35,4694	30,49	3,67	-56	-15	-300	-0,94489	0,04767	0,11249	0,30365
0x50	 23:29:56.991	 2020-11-06 15:59:14.090	0,2271	-0,0205	0,9609	-2,3193	0,3052	-0,4272	-1,3513	-13,9197	-35,3650	30,52	3,67	-57	-15	-298	-0,94522	0,04797	0,11188	0,30286
0x50	 23:29:57.088	 2020-11-06 15:59:14.190	0,2490	-0,0244	0,9727	-0,8545	-0,1831	-0,6104	-1,3239	-13,8922	-35,8484	30,51	3,67	-57	-15	-298	-0,94397	0,04813	0,11151	0,30682
0x50	 23:29:57.199	 2020-11-06 15:59:14.290	0,2217	-0,0225	0,9839	-0,4883	-2,2583	0,4883	-1,4337	-14,0460	-36,0516	30,58	3,67	-55	-14	-302	-0,94321	0,04965	0,11243	0,30859
0x50	 23:29:57.282	 2020-11-06 15:59:14.390	0,2373	-0,0386	0,9658	-0,3052	-0,4883	0,1221	-1,3129	-14,0735	-35,8429	30,54	3,67	-54	-16	-298	-0,94379	0,04855	0,11307	0,30673
0x50	 23:29:57.387	 2020-11-06 15:59:14.490	0,2300	-0,0386	0,9629	-0,6104	-1,1597	-0,3052	-1,4996	-14,1449	-36,1285	30,54	3,67	-54	-15	-296	-0,94287	0,05054	0,11301	0,30923
0x50	 23:29:57.496	 2020-11-06 15:59:14.590	0,2378	-0,0283	0,9546	-4,3335	-1,8311	1,0376	-1,8018	-14,2767	-35,7990	30,50	3,67	-55	-15	-298	-0,94348	0,05304	0,11346	0,30679
0x50	 23:29:57.582	 2020-11-06 15:59:14.690	0,2490	-0,0342	0,9648	-1,6479	-1,5259	1,0986	-2,0270	-14,4415	-35,8923	30,55	3,67	-57	-13	-302	-0,94293	0,05545	0,11414	0,30777
0x50	 23:29:57.693	 2020-11-06 15:59:14.790	0,2446	-0,0332	0,9824	-3,4180	-0,9155	1,3428	-2,3456	-14,6503	-35,8759	30,51	3,67	-60	-14	-300	-0,94260	0,05859	0,11499	0,30792
0x50	 23:29:57.788	 2020-11-06 15:59:14.890	0,2310	-0,0605	0,9751	-3,0518	-1,5869	2,7466	-2,6642	-14,6887	-35,2057	30,50	3,67	-60	-10	-304	-0,94418	0,06064	0,11484	0,30267
0x50	 23:29:57.893	 2020-11-06 15:59:14.990	0,2378	-0,0454	0,9717	-5,3101	1,4038	1,0986	-3,2465	-14,5789	-34,5410	30,59	3,67	-58	-10	-300	-0,94574	0,06448	0,11276	0,29779
0x50	 23:29:57.983	 2020-11-06 15:59:15.090	0,2549	-0,0903	0,9512	-6,5918	0,4883	5,3101	-3,8013	-14,4800	-34,6619	30,56	3,67	-59	-2	-304	-0,94519	0,06894	0,11044	0,29932
0x50	 23:29:58.093	 2020-11-06 15:59:15.190	0,2285	-0,1333	0,9458	-17,5781	-1,0986	26,2451	-5,4218	-14,3262	-32,8491	30,53	3,67	-62	-4	-304	-0,94894	0,08023	0,10620	0,28592
0x50	 23:29:58.188	 2020-11-06 15:59:15.290	0,2480	-0,0527	1,0039	-2,3193	-0,6714	-0,6714	-7,2180	-14,2987	-31,8054	30,55	3,67	-65	8	-308	-0,95016	0,09412	0,10233	0,27890
0x50	 23:29:58.281	 2020-11-06 15:59:15.390	0,2280	-0,1279	0,9561	-2,9297	1,0376	2,3804	-7,6080	-14,1559	-30,7123	30,52	3,67	-69	14	-308	-0,95264	0,09607	0,10110	0,27011
0x50	 23:29:58.392	 2020-11-06 15:59:15.490	0,2417	-0,1592	0,9482	-6,8970	0,6714	0,4272	-8,0475	-13,9801	-30,3827	30,51	3,67	-65	16	-309	-0,95325	0,09906	0,09891	0,26770
0x50	 23:29:58.479	 2020-11-06 15:59:15.590	0,2314	-0,1504	0,9502	-0,9766	1,2817	-0,3662	-8,2727	-13,9581	-29,9158	30,54	3,67	-69	18	-309	-0,95416	0,10046	0,09863	0,26404
0x50	 23:29:58.609	 2020-11-06 15:59:15.690	0,2251	-0,1768	0,9556	-7,3242	2,1362	-6,5308	-8,4814	-13,9252	-29,7455	30,55	3,67	-64	17	-313	-0,95441	0,10199	0,09802	0,26276
0x50	 23:29:58.686	 2020-11-06 15:59:15.790	0,2153	-0,1392	0,9609	-2,4414	3,7231	0,0000	-8,9539	-13,6780	-29,1687	30,53	3,67	-63	20	-313	-0,95560	0,10495	0,09540	0,25827
0x50	 23:29:58.817	 2020-11-06 15:59:15.890	0,2168	-0,1665	0,9492	-3,6621	3,8452	-0,9155	-9,2725	-13,2715	-28,6359	30,53	3,67	-61	18	-315	-0,95697	0,10629	0,09174	0,25391
0x50	 23:29:58.873	 2020-11-06 15:59:15.990	0,2197	-0,1846	0,9600	-7,2021	2,1362	0,0000	-9,7449	-12,9749	-28,2843	30,56	3,67	-58	23	-317	-0,95764	0,10934	0,08856	0,25122
0x50	 23:29:58.985	 2020-11-06 15:59:16.090	0,2344	-0,1611	0,9995	-7,3242	0,3052	-2,0142	-10,3217	-13,0078	-28,3173	30,53	3,67	-59	27	-320	-0,95697	0,11426	0,08755	0,25195
0x50	 23:29:59.086	 2020-11-06 15:59:16.190	0,2002	-0,1929	0,9604	-5,0659	2,1362	-0,1221	-10,9149	-12,9254	-28,0920	30,54	3,67	-57	29	-323	-0,95694	0,11887	0,08575	0,25046
0x50	 23:29:59.191	 2020-11-06 15:59:16.290	0,2246	-0,1812	0,9639	-1,1597	0,9155	2,4414	-11,2720	-12,7441	-27,7460	30,55	3,67	-58	29	-324	-0,95752	0,12128	0,08383	0,24771
0x50	 23:29:59.272	 2020-11-06 15:59:16.390	0,2056	-0,2163	0,9492	-5,0049	-0,0610	6,8970	-11,7059	-12,6123	-27,0703	30,51	3,67	-59	37	-324	-0,95865	0,12411	0,08249	0,24231
0x50	 23:29:59.384	 2020-11-06 15:59:16.490	0,2012	-0,2290	0,9600	-3,1738	1,0986	5,9204	-12,2333	-12,4146	-26,1584	30,57	3,67	-61	40	-326	-0,96021	0,12753	0,08078	0,23492
0x50	 23:29:59.491	 2020-11-06 15:59:16.590	0,1982	-0,2529	0,9375	-19,4702	-3,9673	31,2500	-13,8263	-12,0300	-23,4119	30,55	3,67	-60	44	-326	-0,96414	0,13834	0,07758	0,21268
0x50	 23:29:59.573	 2020-11-06 15:59:16.690	0,1885	-0,2485	0,9492	-14,7095	-2,3193	18,4937	-16,2653	-11,7224	-20,1379	30,55	3,67	-66	56	-331	-0,96704	0,15625	0,07492	0,18640
0x50	 23:29:59.679	 2020-11-06 15:59:16.790	0,1860	-0,2891	0,9497	-6,8359	2,9297	9,1553	-17,4792	-11,3379	-17,5507	30,58	3,67	-67	68	-331	-0,96973	0,16434	0,07343	0,16492
0x50	 23:29:59.784	 2020-11-06 15:59:16.890	0,1958	-0,2891	0,9541	-3,2349	5,7373	2,0752	-18,0341	-10,8380	-16,2543	30,48	3,67	-66	73	-331	-0,97125	0,16763	0,07025	0,15369
0x50	 23:29:59.889	 2020-11-06 15:59:16.990	0,1719	-0,2549	0,9731	7,6294	5,7983	-2,8076	-17,9956	-10,2283	-15,1776	30,56	3,67	-64	76	-333	-0,97330	0,16602	0,06671	0,14374
0x50	 23:29:59.969	 2020-11-06 15:59:17.090	0,1060	-0,4063	0,8320	2,1362	10,6201	21,0571	-16,6168	-8,8000	-14,7107	30,53	3,67	-60	68	-335	-0,97702	0,15265	0,05685	0,13733
0x50	 23:30:00.073	 2020-11-06 15:59:17.190	0,1211	-0,3042	0,9673	-12,4512	10,8032	2,3804	-17,6001	-7,7014	-10,8435	30,58	3,67	-59	71	-336	-0,98059	0,15823	0,05167	0,10339
0x50	 23:30:00.177	 2020-11-06 15:59:17.290	0,1362	-0,3540	0,9375	-13,5498	3,9673	7,5684	-18,7976	-7,0752	-8,7836	30,55	3,67	-57	75	-333	-0,98102	0,16718	0,04819	0,08548
0x50	 23:30:00.305	 2020-11-06 15:59:17.390	0,1382	-0,4326	0,9248	-34,7900	-11,0474	41,1987	-21,6925	-6,5753	-5,7898	30,52	3,67	-54	91	-340	-0,97870	0,19049	0,04678	0,06030
0x50	 23:30:00.408	 2020-11-06 15:59:17.490	0,0879	-0,3774	0,9443	-17,5781	0,9766	17,2729	-24,8236	-5,6470	0,6702	30,57	3,67	-64	113	-341	-0,97546	0,21439	0,04938	0,00485
0x50	 23:30:00.482	 2020-11-06 15:59:17.590	0,0913	-0,3979	0,9492	-7,9346	-1,2817	9,5825	-26,0596	-5,2460	5,0867	30,54	3,67	-67	124	-340	-0,97272	0,22299	0,05457	-0,03290
0x50	 23:30:00.581	 2020-11-06 15:59:17.690	0,0928	-0,4243	0,9263	-6,1646	0,8545	9,1553	-26,7023	-4,8834	8,3002	30,52	3,67	-66	131	-340	-0,97025	0,22711	0,05804	-0,06052
0x50	 23:30:00.667	 2020-11-06 15:59:17.790	0,0742	-0,4375	0,8667	-5,1270	1,4038	8,1177	-27,3120	-4,2188	11,0907	30,52	3,67	-66	136	-340	-0,96735	0,23138	0,05841	-0,08517
0x50	 23:30:00.773	 2020-11-06 15:59:17.890	0,0645	-0,4312	0,8643	-3,7231	-3,3569	5,5542	-27,8448	-4,0979	13,9471	30,57	3,67	-67	141	-339	-0,96384	0,23447	0,06366	-0,10922
0x50	 23:30:00.889	 2020-11-06 15:59:17.990	0,0654	-0,4541	0,8389	3,6011	-7,3242	-10,8032	-27,7899	-4,7186	16,3037	30,56	3,67	-68	141	-339	-0,96149	0,23184	0,07361	-0,12775
0x50	 23:30:00.966	 2020-11-06 15:59:18.090	0,1113	-0,3765	0,9966	11,9629	8,2397	-22,7051	-27,1857	-5,6085	18,3307	30,52	3,67	-71	140	-336	-0,96024	0,22415	0,08435	-0,14328
0x50	 23:30:01.067	 2020-11-06 15:59:18.190	0,1050	-0,4365	0,9243	11,4746	1,8311	-13,3667	-25,1752	-5,6799	17,6385	30,55	3,67	-66	129	-335	-0,96487	0,20770	0,08115	-0,13876
0x50	 23:30:01.168	 2020-11-06 15:59:18.290	0,0840	-0,4375	0,8643	22,3999	2,0142	-26,4282	-23,2526	-6,0864	16,9189	30,54	3,67	-59	112	-339	-0,96902	0,19141	0,08102	-0,13333
0x50	 23:30:01.273	 2020-11-06 15:59:18.390	0,1118	-0,3315	0,8716	20,5078	-15,9912	-23,3154	-21,0883	-8,0310	15,3644	30,53	3,67	-57	97	-335	-0,97360	0,17169	0,09262	-0,11841
0x50	 23:30:01.434	 2020-11-06 15:59:18.490	0,2573	-0,4541	1,1069	6,8359	-5,9814	-14,3433	-19,4238	-10,2832	14,4470	30,55	3,67	-64	84	-333	-0,97580	0,15558	0,10880	-0,10843
0x50	 23:30:01.482	 2020-11-06 15:59:18.590	0,1831	-0,2764	0,9229	15,3809	-5,5542	-16,6626	-18,0011	-10,7831	12,3926	30,54	3,67	-65	75	-331	-0,97913	0,14484	0,10910	-0,09149
0x50	 23:30:01.583	 2020-11-06 15:59:18.690	0,1753	-0,2139	0,9565	27,4658	-2,7466	-28,9917	-16,0565	-11,6400	10,2228	30,55	3,67	-67	64	-328	-0,98242	0,12943	0,11240	-0,07370
0x50	 23:30:01.670	 2020-11-06 15:59:18.790	0,2251	-0,1523	0,9751	34,7290	0,6714	-47,9736	-11,7773	-12,6453	7,3389	30,51	3,67	-63	43	-326	-0,98734	0,09476	0,11584	-0,05203
0x50	 23:30:01.771	 2020-11-06 15:59:18.890	0,2090	-0,0317	0,8291	72,9370	-21,0571	-51,1475	-4,1309	-14,5569	-2,3730	30,56	3,67	-53	13	-314	-0,99097	0,03836	0,12585	0,02512
0x50	 23:30:01.872	 2020-11-06 15:59:18.990	0,2280	0,0674	0,8994	47,5464	-7,1411	-37,6587	2,8839	-16,5509	-10,2997	30,51	3,67	-47	-27	-295	-0,98560	-0,01190	0,14557	0,08521
0x50	 23:30:01.986	 2020-11-06 15:59:19.090	0,2715	0,1865	0,9253	22,9492	-8,1177	-11,0474	6,5533	-17,5287	-14,7272	30,58	3,67	-45	-50	-280	-0,97968	-0,03650	0,15808	0,11783
0x50	 23:30:02.078	 2020-11-06 15:59:19.190	0,3145	0,1514	0,9707	11,9019	-2,5635	-4,6997	8,2452	-18,0780	-18,3582	30,55	3,67	-48	-63	-277	-0,97418	-0,04510	0,16602	0,14597
0x50	 23:30:02.172	 2020-11-06 15:59:19.290	0,2964	0,1421	0,9585	12,0239	-1,7700	-6,9580	9,7778	-18,2373	-21,8738	30,53	3,67	-46	-68	-269	-0,96844	-0,05264	0,17102	0,17340
0x50	 23:30:02.273	 2020-11-06 15:59:19.390	0,2861	0,1553	0,8799	10,8032	1,7700	-9,0332	11,4532	-17,8528	-25,5322	30,57	3,67	-44	-72	-264	-0,96207	-0,06201	0,17236	0,20209
0x50	 23:30:02.379	 2020-11-06 15:59:19.490	0,3120	0,2192	0,9141	9,3994	-2,8687	-3,6011	12,4750	-17,8748	-28,8446	30,54	3,67	-40	-76	-263	-0,95526	-0,06549	0,17630	0,22824
0x50	 23:30:02.481	 2020-11-06 15:59:19.590	0,2881	0,2227	0,9346	4,4556	0,4883	-4,9438	13,3923	-17,9901	-31,7120	30,54	3,67	-41	-80	-262	-0,94861	-0,06836	0,18085	0,25046
0x50	 23:30:02.572	 2020-11-06 15:59:19.690	0,3008	0,2520	0,9448	2,9907	1,4038	-3,1738	13,8153	-17,8693	-34,0961	30,52	3,67	-39	-85	-260	-0,94305	-0,06839	0,18225	0,26968
0x50	 23:30:02.678	 2020-11-06 15:59:19.790	0,2920	0,2153	0,9268	1,7700	1,1597	-2,6245	14,1449	-17,6935	-36,1011	30,57	3,67	-36	-85	-255	-0,93817	-0,06839	0,18280	0,28583
0x50	 23:30:02.777	 2020-11-06 15:59:19.890	0,2974	0,2339	0,9097	-2,5024	0,1221	0,6104	14,1174	-17,6276	-37,9962	30,54	3,67	-37	-87	-258	-0,93338	-0,06528	0,18332	0,30145
0x50	 23:30:02.885	 2020-11-06 15:59:19.990	0,3062	0,2266	0,9360	-3,7842	-0,3052	3,4180	13,9197	-17,7100	-39,6771	30,50	3,67	-39	-85	-254	-0,92889	-0,06076	0,18439	0,31531
0x50	 23:30:02.967	 2020-11-06 15:59:20.090	0,2690	0,1792	0,9204	-3,4180	-1,0376	2,0752	12,9858	-17,7100	-40,4242	30,54	3,67	-40	-83	-259	-0,92728	-0,05203	0,18213	0,32285
0x50	 23:30:03.068	 2020-11-06 15:59:20.190	0,2969	0,2061	0,9434	-4,5776	1,6479	5,1270	12,2772	-17,6715	-41,2646	30,50	3,67	-41	-79	-264	-0,92523	-0,04507	0,18015	0,33081
0x50	 23:30:03.171	 2020-11-06 15:59:20.290	0,2993	0,2017	0,9321	-11,1694	1,0986	7,5073	10,9094	-17,5726	-41,9019	30,57	3,67	-43	-75	-266	-0,92392	-0,03336	0,17560	0,33820
0x50	 23:30:03.269	 2020-11-06 15:59:20.390	0,2627	0,1079	0,8984	-25,7568	7,3853	17,2119	8,9154	-17,4023	-41,9678	30,51	3,67	-45	-71	-271	-0,92432	-0,01770	0,16837	0,34192
0x50	 23:30:03.381	 2020-11-06 15:59:20.490	0,3018	0,1470	0,9575	-5,8594	2,3804	1,5259	8,4869	-17,3804	-43,5168	30,53	3,67	-44	-65	-275	-0,91971	-0,01205	0,16705	0,35504
0x50	 23:30:03.485	 2020-11-06 15:59:20.590	0,2695	0,0918	0,9565	-34,7290	11,7798	4,4556	6,4490	-16,7706	-43,8574	30,54	3,67	-46	-62	-280	-0,91931	0,00275	0,15588	0,36127
0x50	 23:30:03.590	 2020-11-06 15:59:20.690	0,2798	0,0366	0,9707	-12,1460	3,4180	8,7280	4,1473	-16,1719	-43,5059	30,50	3,67	-42	-50	-287	-0,92081	0,01880	0,14383	0,36194
0x50	 23:30:03.665	 2020-11-06 15:59:20.790	0,2832	0,0479	0,9707	-4,3945	0,9155	2,1362	2,9059	-15,9302	-43,4564	30,55	3,67	-44	-42	-291	-0,92096	0,02795	0,13797	0,36328
0x50	 23:30:03.773	 2020-11-06 15:59:20.890	0,2031	0,1353	0,8760	-21,7896	-2,8687	45,0439	0,3296	-15,4523	-41,4624	30,52	3,67	-46	-37	-294	-0,92688	0,04489	0,12677	0,35040
0x50	 23:30:03.879	 2020-11-06 15:59:20.990	0,2583	-0,1753	0,9795	-17,7612	5,2490	23,7427	-0,9119	-15,5402	-41,8414	30,55	3,67	-50	-32	-300	-0,92505	0,05566	0,12347	0,35480
0x50	 23:30:03.969	 2020-11-06 15:59:21.090	0,2515	-0,0684	0,9731	-9,4604	5,5542	-3,5400	-3,0872	-15,5731	-41,0779	30,57	3,67	-53	-19	-305	-0,92615	0,07251	0,11743	0,35092
0x50	 23:30:04.060	 2020-11-06 15:59:21.190	0,2666	0,1323	1,0557	-4,8218	-6,8970	5,7983	-5,0592	-15,3644	-39,8584	30,55	3,67	-58	-8	-310	-0,92874	0,08664	0,11066	0,34302
0x50	 23:30:04.171	 2020-11-06 15:59:21.290	0,2539	-0,1460	0,9590	-7,2021	2,9907	8,6060	-5,4163	-15,0403	-40,1166	30,57	3,67	-60	-5	-309	-0,92807	0,08887	0,10675	0,34546
0x50	 23:30:04.281	 2020-11-06 15:59:21.390	0,2319	-0,1270	0,9736	-7,5073	4,3945	-0,4272	-6,5369	-14,7876	-39,3695	30,52	3,67	-60	-2	-310	-0,92972	0,09653	0,10190	0,34042
0x50	 23:30:04.367	 2020-11-06 15:59:21.490	0,2163	-0,2109	0,9287	-41,1377	-2,1973	51,1475	-9,8108	-14,1339	-35,2332	30,52	3,67	-62	10	-315	-0,93918	0,11798	0,09116	0,30930
0x50	 23:30:04.475	 2020-11-06 15:59:21.590	0,2480	-0,1768	0,9966	-11,9629	5,3101	5,0049	-12,4475	-14,0131	-33,6182	30,55	3,67	-66	28	-321	-0,94067	0,13809	0,08496	0,29800
0x50	 23:30:04.576	 2020-11-06 15:59:21.690	0,2231	-0,2305	0,9766	-15,2588	-4,2114	19,5923	-14,1339	-13,6615	-30,8771	30,58	3,67	-70	37	-328	-0,94589	0,14917	0,08124	0,27643
0x50	 23:30:04.681	 2020-11-06 15:59:21.790	0,2109	-0,2432	0,9404	-11,7188	0,9766	8,4229	-15,7324	-13,2166	-28,1470	30,55	3,67	-71	51	-328	-0,95062	0,15964	0,07751	0,25458
0x50	 23:30:04.767	 2020-11-06 15:59:21.890	0,2192	-0,2642	0,9658	-8,2397	1,4648	3,9673	-16,6608	-12,9694	-26,1639	30,52	3,67	-73	60	-329	-0,95389	0,16553	0,07626	0,23846
0x50	 23:30:04.876	 2020-11-06 15:59:21.990	0,1982	-0,2813	0,9238	-3,3569	-0,7935	3,6621	-17,1771	-12,7661	-24,4666	30,52	3,67	-74	64	-332	-0,95679	0,16837	0,07599	0,22446
0x50	 23:30:04.972	 2020-11-06 15:59:22.090	0,1748	-0,2900	0,9102	-5,0049	4,8218	5,7983	-17,7869	-12,3761	-22,2253	30,53	3,67	-75	64	-331	-0,96057	0,17136	0,07489	0,20569
0x50	 23:30:05.076	 2020-11-06 15:59:22.190	0,2095	-0,3071	0,9448	-6,5918	3,6011	-3,6621	-18,2098	-12,0795	-20,5664	30,55	3,67	-75	68	-336	-0,96313	0,17340	0,07416	0,19165
0x50	 23:30:05.171	 2020-11-06 15:59:22.290	0,1855	-0,5127	0,7725	6,2866	2,1973	-1,7700	-18,6713	-12,0190	-20,2368	30,51	3,67	-74	67	-336	-0,96304	0,17700	0,07336	0,18915
0x50	 23:30:05.281	 2020-11-06 15:59:22.390	0,2563	-0,1587	1,0747	4,8218	-5,5542	10,3149	-19,0448	-13,1342	-18,2263	30,57	3,67	-79	71	-336	-0,96436	0,18018	0,08533	0,17389
0x50	 23:30:05.363	 2020-11-06 15:59:22.490	0,1675	-0,4614	0,8608	-4,9438	5,3711	-4,5166	-18,9240	-12,6068	-15,3314	30,52	3,67	-79	71	-332	-0,96924	0,17639	0,08554	0,14871
0x50	 23:30:05.459	 2020-11-06 15:59:22.590	0,1841	-0,3662	0,8843	-22,4609	6,8970	6,2866	-20,8356	-11,8652	-12,8815	30,56	3,67	-80	77	-335	-0,96994	0,19012	0,08084	0,12833
0x50	 23:30:05.578	 2020-11-06 15:59:22.690	0,1978	-0,4121	0,9043	-12,0239	-9,3994	24,2310	-22,6099	-11,5576	-9,8822	30,57	3,67	-82	88	-334	-0,97028	0,20282	0,08157	0,10373
0x50	 23:30:05.662	 2020-11-06 15:59:22.790	0,1841	-0,3906	0,9043	-4,2725	-3,1738	5,9814	-23,7250	-11,4697	-6,5588	30,55	3,67	-84	97	-335	-0,97095	0,20981	0,08591	0,07623
0x50	 23:30:05.787	 2020-11-06 15:59:22.890	0,1816	-0,3516	0,9336	-3,6621	1,3428	-1,4648	-24,1095	-11,4313	-3,8177	30,54	3,67	-88	106	-338	-0,97183	0,21094	0,09045	0,05319
0x50	 23:30:05.864	 2020-11-06 15:59:22.990	0,1914	-0,3550	0,9092	1,5869	0,9766	-4,4556	-24,1425	-11,3324	-2,0050	30,55	3,67	-87	107	-336	-0,97256	0,20978	0,09290	0,03766
0x50	 23:30:05.971	 2020-11-06 15:59:23.090	0,2192	-0,3838	0,9819	8,1787	7,4463	-32,1045	-22,9779	-11,7773	-1,1700	30,54	3,67	-86	102	-337	-0,97452	0,19919	0,09854	0,03043
0x50	 23:30:06.065	 2020-11-06 15:59:23.190	0,1753	-0,3052	0,8843	18,3105	-7,2632	-18,7988	-21,4014	-12,1783	-2,6971	30,55	3,67	-77	88	-338	-0,97632	0,18701	0,09985	0,04269
0x50	 23:30:06.166	 2020-11-06 15:59:23.290	0,2305	-0,3916	0,9131	10,9863	1,0986	-11,5356	-19,2371	-13,4967	-4,7571	30,55	3,67	-78	80	-333	-0,97742	0,17062	0,10889	0,06027
0x50	 23:30:06.268	 2020-11-06 15:59:23.390	0,2773	-0,3867	0,9941	7,8735	2,0142	-13,7329	-17,0288	-14,4031	-6,1963	30,55	3,67	-79	62	-331	-0,97870	0,15341	0,11588	0,07159
0x50	 23:30:06.369	 2020-11-06 15:59:23.490	0,2515	-0,1729	0,9395	25,6958	-12,8174	-32,5317	-14,8700	-15,2600	-8,9484	30,54	3,67	-78	51	-331	-0,97845	0,13812	0,12125	0,09381
0x50	 23:30:06.457	 2020-11-06 15:59:23.590	0,2529	-0,0063	0,9063	66,1011	-20,2637	-64,4531	-10,1953	-17,1991	-16,4795	30,53	3,67	-75	31	-322	-0,97275	0,10831	0,13480	0,15433
0x50	 23:30:06.583	 2020-11-06 15:59:23.690	0,3096	0,1172	0,9048	68,2373	-9,2773	-82,7637	-1,3184	-20,4675	-26,3123	30,56	3,67	-73	-6	-306	-0,95770	0,05145	0,17041	0,22598
0x50	 23:30:06.666	 2020-11-06 15:59:23.790	0,3208	0,2803	0,9355	53,6499	-1,0986	-26,7334	6,1084	-22,5000	-33,0359	30,57	3,67	-65	-45	-288	-0,94189	0,00525	0,20166	0,26849
0x50	 23:30:06.770	 2020-11-06 15:59:23.890	0,4819	0,3628	1,0151	31,0669	20,8130	-39,6118	9,9371	-22,6154	-37,7435	30,55	3,67	-60	-70	-272	-0,92987	-0,01718	0,21231	0,29993
0x50	 23:30:06.919	 2020-11-06 15:59:23.990	0,3223	0,2266	0,9233	8,7891	0,2441	-2,6855	11,9751	-20,3082	-40,0781	30,50	3,67	-49	-75	-265	-0,92596	-0,03641	0,19992	0,31818
0x50	 23:30:06.962	 2020-11-06 15:59:24.090	0,3804	0,2505	1,0391	5,0049	-6,6528	-5,6763	12,9639	-21,0004	-42,9510	30,55	3,67	-48	-81	-264	-0,91666	-0,03699	0,20914	0,33853
0x50	 23:30:07.066	 2020-11-06 15:59:24.190	0,2661	0,1626	0,8843	7,2021	1,7700	-8,9722	13,9471	-20,0665	-45,4395	30,51	3,67	-43	-87	-261	-0,90973	-0,04349	0,20572	0,35800
0x50	 23:30:07.168	 2020-11-06 15:59:24.290	0,3418	0,2490	0,9058	5,8594	3,5400	-7,6294	14,8700	-19,5776	-47,5104	30,54	3,67	-38	-88	-258	-0,90320	-0,04877	0,20569	0,37350
0x50	 23:30:07.279	 2020-11-06 15:59:24.390	0,3228	0,2661	0,9443	2,5024	8,8501	-10,7422	15,5457	-18,7482	-49,7845	30,49	3,67	-35	-94	-254	-0,89600	-0,05313	0,20258	0,39148
0x50	 23:30:07.355	 2020-11-06 15:59:24.490	0,2935	0,2490	0,9321	0,0000	-2,2583	-5,3101	15,8917	-18,1384	-51,5039	30,52	3,67	-29	-96	-258	-0,89032	-0,05511	0,19995	0,40530
0x50	 23:30:07.478	 2020-11-06 15:59:24.590	0,2871	0,2656	0,9697	1,1597	8,9722	-11,1084	16,3531	-17,3529	-53,6627	30,52	3,67	-24	-97	-256	-0,88281	-0,05804	0,19672	0,42255
0x50	 23:30:07.560	 2020-11-06 15:59:24.690	0,2397	0,2549	0,9028	-1,0376	18,2495	-11,8408	16,6003	-15,5731	-55,1514	30,54	3,67	-20	-99	-256	-0,87805	-0,06470	0,18506	0,43649
0x50	 23:30:07.657	 2020-11-06 15:59:24.790	0,2153	0,2769	0,9146	-0,2441	16,9067	-5,9204	16,5179	-13,8647	-56,1896	30,51	3,67	-9	-102	-258	-0,87476	-0,06955	0,17252	0,44736
0x50	 23:30:07.761	 2020-11-06 15:59:24.890	0,2041	0,2588	0,9063	0,8545	2,9297	-0,0610	16,6443	-12,7002	-56,9806	30,51	3,67	-5	-99	-256	-0,87192	-0,07419	0,16483	0,45502
0x50	 23:30:07.859	 2020-11-06 15:59:24.990	0,1733	0,2754	0,9224	-0,4272	-0,6714	0,7935	16,6772	-12,6123	-57,8046	30,55	3,67	0	-99	-258	-0,86862	-0,07367	0,16483	0,46136
0x50	 23:30:07.962	 2020-11-06 15:59:25.090	0,1934	0,2520	0,9033	-5,0659	-0,9155	9,5825	16,3092	-12,6123	-57,9089	30,51	3,67	-1	-99	-260	-0,86841	-0,07071	0,16339	0,46271
0x50	 23:30:08.062	 2020-11-06 15:59:25.190	0,2095	0,2607	0,9570	-2,9297	2,6855	1,9531	15,9631	-13,0078	-58,3868	30,57	3,67	-3	-97	-261	-0,86661	-0,06570	0,16522	0,46622
0x50	 23:30:08.165	 2020-11-06 15:59:25.290	0,2153	0,2378	0,9478	-2,5024	-1,8921	2,7466	15,6555	-12,9309	-58,8098	30,51	3,67	-7	-96	-261	-0,86508	-0,06311	0,16364	0,46994
0x50	 23:30:08.288	 2020-11-06 15:59:25.390	0,2061	0,2007	0,9497	-5,6763	-4,4556	5,7983	14,8096	-13,1342	-58,6450	30,55	3,67	-9	-92	-266	-0,86612	-0,05606	0,16156	0,46960
0x50	 23:30:08.375	 2020-11-06 15:59:25.490	0,2256	0,5830	0,9551	-12,3901	-6,3477	21,4844	11,9092	-13,2440	-56,7334	30,51	3,67	-13	-85	-267	-0,87500	-0,03619	0,14990	0,45886
0x50	 23:30:08.451	 2020-11-06 15:59:25.590	0,2495	0,3438	0,9761	-11,4746	-12,2070	11,4136	9,4537	-13,8428	-56,8268	30,52	3,67	-16	-76	-279	-0,87485	-0,01480	0,14459	0,46204
0x50	 23:30:08.559	 2020-11-06 15:59:25.690	0,2314	0,1348	0,9463	3,2959	-0,4883	-2,3804	9,4208	-14,2163	-57,8979	30,54	3,67	-23	-69	-282	-0,87030	-0,01163	0,14737	0,46979
0x50	 23:30:08.664	 2020-11-06 15:59:25.790	0,2153	0,1406	0,9604	1,4648	-1,7700	-2,7466	9,7888	-14,3097	-58,5516	30,55	3,67	-21	-70	-282	-0,86749	-0,01312	0,14966	0,47415
0x50	 23:30:08.759	 2020-11-06 15:59:25.890	0,2144	0,0947	0,9370	-28,6865	12,5732	10,9253	8,5529	-13,9801	-57,6947	30,51	3,67	-23	-68	-281	-0,87134	-0,00629	0,14203	0,46960
0x50	 23:30:08.863	 2020-11-06 15:59:25.990	0,2319	0,1636	0,9751	-3,2349	25,9399	4,9438	7,7728	-13,1781	-57,4200	30,57	3,67	-22	-63	-285	-0,87299	-0,00406	0,13278	0,46927
0x50	 23:30:08.968	 2020-11-06 15:59:26.090	0,1675	0,0332	0,9478	-8,1787	0,3052	11,6577	6,2292	-12,0410	-56,0193	30,53	3,67	-19	-59	-292	-0,87933	0,00150	0,11786	0,46133
0x50	 23:30:09.110	 2020-11-06 15:59:26.190	0,2090	0,3081	1,0942	-17,1509	-6,6528	0,2441	2,5433	-12,3322	-53,2233	30,56	3,67	-27	-50	-301	-0,88971	0,02832	0,10593	0,44312
0x50	 23:30:09.148	 2020-11-06 15:59:26.290	0,1738	0,0796	0,9946	-21,7896	-1,9531	24,1089	0,0000	-11,7773	-51,3336	30,52	3,67	-29	-36	-308	-0,89655	0,04443	0,09247	0,43085
0x50	 23:30:09.261	 2020-11-06 15:59:26.390	0,1636	-0,2065	0,8599	-39,4287	4,2725	23,4375	-2,7411	-11,5466	-50,3833	30,54	3,67	-33	-26	-314	-0,89899	0,06433	0,08084	0,42554
0x50	 23:30:09.366	 2020-11-06 15:59:26.490	0,2061	-0,1128	0,9907	-5,9204	1,5869	-3,9673	-3,8562	-12,2498	-50,3998	30,59	3,67	-39	-17	-318	-0,89758	0,07568	0,08224	0,42636
0x50	 23:30:09.469	 2020-11-06 15:59:26.590	0,1401	-0,0317	0,9966	-42,9688	2,0142	36,0718	-6,9214	-11,3379	-47,1863	30,52	3,67	-34	-7	-321	-0,90784	0,09451	0,06631	0,40305
0x50	 23:30:09.557	 2020-11-06 15:59:26.690	0,1333	-0,2974	0,9194	-38,9404	24,1089	30,9448	-11,4258	-9,2944	-45,2472	30,55	3,67	-33	13	-330	-0,91232	0,12262	0,03622	0,38895
0x50	 23:30:09.659	 2020-11-06 15:59:26.790	0,1323	-0,2017	1,0000	-9,0332	-5,9814	-6,7139	-13,7659	-8,3112	-43,4949	30,55	3,67	-32	31	-337	-0,91644	0,13773	0,02255	0,37497
0x50	 23:30:09.755	 2020-11-06 15:59:26.890	0,1187	-0,3086	0,8936	-22,3999	-10,4980	27,2217	-15,4797	-8,9099	-40,6824	30,54	3,67	-33	37	-342	-0,92264	0,15268	0,02548	0,35321
0x50	 23:30:09.856	 2020-11-06 15:59:26.990	0,1685	-0,3130	0,9766	-25,2686	-4,6387	23,6816	-18,8416	-9,0692	-35,9802	30,55	3,67	-44	53	-344	-0,93130	0,17929	0,02377	0,31604
0x50	 23:30:09.957	 2020-11-06 15:59:27.090	0,1392	-0,3672	0,9561	-25,4517	-12,0239	42,4805	-21,8024	-8,4045	-30,8936	30,53	3,67	-51	74	-346	-0,94022	0,20096	0,01910	0,27423
0x50	 23:30:10.059	 2020-11-06 15:59:27.190	0,0986	-0,4824	0,8940	-20,6299	-3,6621	29,2358	-24,1095	-7,5201	-25,7355	30,53	3,67	-55	92	-346	-0,94827	0,21744	0,01611	0,23068
0x50	 23:30:10.163	 2020-11-06 15:59:27.290	0,0869	-0,3643	0,8765	-9,3384	-5,2490	27,0386	-26,8451	-6,4490	-19,6436	30,52	3,67	-64	111	-346	-0,95465	0,23770	0,01440	0,17853
0x50	 23:30:10.255	 2020-11-06 15:59:27.390	0,1318	-0,2759	0,9551	79,8950	-18,7988	18,4937	-22,5604	-6,8939	-13,9801	30,52	3,67	-68	108	-347	-0,97018	0,20099	0,03476	0,13083
0x50	 23:30:10.356	 2020-11-06 15:59:27.490	0,1470	-0,2993	0,9824	9,2163	-10,6201	8,1177	-18,7592	-7,5751	-8,3661	30,54	3,67	-77	87	-339	-0,98105	0,16696	0,05313	0,08255
0x50	 23:30:10.454	 2020-11-06 15:59:27.590	0,1060	-0,3506	0,9556	-0,5493	-2,1362	-0,4272	-18,5504	-7,9321	-4,8230	30,55	3,67	-80	80	-341	-0,98322	0,16351	0,06143	0,05258
0x50	 23:30:10.558	 2020-11-06 15:59:27.690	0,1162	-0,3086	0,9458	1,3428	0,0000	-1,0986	-18,4680	-8,0365	-1,6809	30,54	3,67	-81	79	-340	-0,98431	0,16110	0,06680	0,02570
0x50	 23:30:10.651	 2020-11-06 15:59:27.790	0,1411	-0,3262	0,9458	-2,6245	0,0000	3,2349	-18,5724	-8,0310	0,9668	30,52	3,67	-82	78	-338	-0,98453	0,16037	0,07047	0,00296
0x50	 23:30:10.754	 2020-11-06 15:59:27.890	0,1240	-0,3389	0,9360	-34,9121	7,9346	7,6904	-19,9786	-7,6685	3,9551	30,54	3,67	-83	86	-339	-0,98242	0,17068	0,07178	-0,02234
0x50	 23:30:10.859	 2020-11-06 15:59:27.990	0,0898	-0,4009	0,8789	-54,6265	-4,1504	5,1270	-25,7739	-7,1027	6,3995	30,49	3,67	-80	108	-344	-0,97217	0,21887	0,07272	-0,04053
0x50	 23:30:10.966	 2020-11-06 15:59:28.090	0,1343	-0,4277	0,9580	-8,3618	-2,4414	-3,7842	-28,2129	-7,5696	8,6957	30,51	3,67	-85	130	-342	-0,96616	0,23764	0,08231	-0,05731
0x50	 23:30:11.052	 2020-11-06 15:59:28.190	0,1138	-0,4844	0,8340	9,7046	3,7842	-13,5498	-27,3450	-7,7563	9,5306	30,52	3,67	-82	128	-340	-0,96738	0,22958	0,08511	-0,06458
0x50	 23:30:11.156	 2020-11-06 15:59:28.290	0,1660	-0,3774	0,9199	16,4185	17,0288	-39,0625	-26,1530	-8,3606	10,5359	30,52	3,67	-81	122	-344	-0,96887	0,21817	0,09143	-0,07278
0x50	 23:30:11.258	 2020-11-06 15:59:28.390	0,2124	-0,4717	1,0342	-10,1929	-15,9302	4,0283	-26,1255	-9,2230	11,6840	30,55	3,67	-81	116	-341	-0,96774	0,21616	0,10086	-0,08078
0x50	 23:30:11.361	 2020-11-06 15:59:28.490	0,1504	-0,4995	0,8677	-6,5918	-21,1182	17,8833	-26,8341	-9,7064	13,6340	30,52	3,67	-87	120	-342	-0,96466	0,21979	0,10916	-0,09555
0x50	 23:30:11.446	 2020-11-06 15:59:28.590	0,1587	-0,4214	0,8677	-2,9297	-4,4556	2,5635	-27,7625	-10,0250	17,2211	30,55	3,67	-95	126	-341	-0,95929	0,22357	0,11966	-0,12405
0x50	 23:30:11.564	 2020-11-06 15:59:28.690	0,1982	-0,2778	1,0010	13,7939	14,2822	-35,4004	-26,9495	-10,1843	19,5282	30,52	3,67	-96	126	-341	-0,95807	0,21411	0,12445	-0,14389
0x50	 23:30:11.660	 2020-11-06 15:59:28.790	0,2036	-0,4805	0,8965	17,6392	-30,4565	-40,4663	-23,1427	-11,4972	15,6500	30,55	3,67	-85	105	-340	-0,96838	0,18436	0,12439	-0,11282
0x50	 23:30:11.765	 2020-11-06 15:59:28.890	0,2285	-0,2554	0,9717	19,4092	7,9346	-33,6914	-22,0111	-12,4805	15,1227	30,55	3,67	-87	90	-338	-0,97000	0,17410	0,13077	-0,10785
0x50	 23:30:11.863	 2020-11-06 15:59:28.990	0,2085	-0,2993	0,9082	22,6440	0,9155	-21,2402	-19,5996	-12,5629	12,0465	30,54	3,67	-83	73	-337	-0,97601	0,15695	0,12500	-0,08426
0x50	 23:30:11.947	 2020-11-06 15:59:29.090	0,2388	-0,2422	0,9150	30,2734	3,5400	-31,4331	-16,2268	-13,0133	8,0035	30,54	3,67	-75	59	-335	-0,98230	0,13205	0,12173	-0,05267
0x50	 23:30:12.053	 2020-11-06 15:59:29.190	0,2231	-0,1270	0,9209	43,5181	-1,9531	-39,4287	-10,8105	-14,2548	1,4172	30,54	3,67	-66	28	-329	-0,98792	0,09195	0,12466	-0,00055
0x50	 23:30:12.177	 2020-11-06 15:59:29.290	0,2451	-0,0439	0,9370	46,9360	0,1831	-33,2031	-5,0427	-15,5786	-4,8944	30,53	3,67	-61	0	-321	-0,98865	0,04938	0,13342	0,04825
0x50	 23:30:12.261	 2020-11-06 15:59:29.390	0,2974	-0,0171	0,9990	26,2451	-9,4604	-8,7891	-1,1700	-16,2433	-9,7284	30,55	3,67	-56	-26	-309	-0,98621	0,02206	0,13992	0,08539
0x50	 23:30:12.349	 2020-11-06 15:59:29.490	0,2568	-0,0586	0,9438	14,1602	-2,6855	-13,3057	1,5546	-16,7981	-14,0021	30,54	3,67	-57	-39	-302	-0,98203	0,00443	0,14661	0,11859
0x50	 23:30:12.451	 2020-11-06 15:59:29.590	0,2900	0,0771	0,9717	14,4043	-1,0986	-15,3809	3,3124	-16,9464	-17,5122	30,58	3,67	-51	-49	-296	-0,97778	-0,00583	0,14993	0,14627
0x50	 23:30:12.553	 2020-11-06 15:59:29.690	0,2451	-0,0532	0,8696	25,5737	6,9580	-33,4473	6,3995	-16,5784	-23,5217	30,54	3,67	-46	-57	-290	-0,96887	-0,02472	0,15219	0,19351
0x50	 23:30:12.658	 2020-11-06 15:59:29.790	0,2788	0,1797	0,9487	25,7568	2,3804	-14,4653	9,3988	-16,4575	-27,3340	30,50	3,67	-38	-70	-285	-0,96118	-0,04510	0,15781	0,22168
0x50	 23:30:12.806	 2020-11-06 15:59:29.890	0,2373	0,2158	0,9565	24,2920	18,7988	-26,8555	12,5958	-15,2051	-31,8988	30,58	3,67	-28	-84	-278	-0,95126	-0,06842	0,15634	0,25677
0x50	 23:30:12.853	 2020-11-06 15:59:29.990	0,1968	0,2153	0,9448	6,3477	11,0474	-12,5732	14,1998	-13,3594	-34,5355	30,53	3,67	-16	-95	-269	-0,94543	-0,08295	0,14667	0,27881
0x50	 23:30:12.955	 2020-11-06 15:59:30.090	0,2017	0,2334	0,9165	1,4038	10,9253	-7,7515	14,5404	-12,0575	-36,7767	30,57	3,67	-9	-98	-270	-0,94028	-0,08658	0,13858	0,29858
0x50	 23:30:13.054	 2020-11-06 15:59:30.190	0,1748	0,2168	0,9224	-2,5024	6,5308	-2,1973	14,6008	-11,2225	-38,5730	30,50	3,67	-3	-96	-268	-0,93582	-0,08731	0,13333	0,31430
0x50	 23:30:13.162	 2020-11-06 15:59:30.290	0,1792	0,2505	0,9175	-5,7983	4,5166	2,9907	14,3097	-10,7941	-39,8309	30,56	3,67	0	-98	-268	-0,93271	-0,08481	0,13000	0,32547
0x50	 23:30:13.243	 2020-11-06 15:59:30.390	0,1841	0,2422	0,9648	-3,9673	-1,0376	6,1646	13,4692	-10,6128	-40,8966	30,52	3,67	-1	-95	-272	-0,93030	-0,07730	0,12689	0,33530
0x50	 23:30:13.359	 2020-11-06 15:59:30.490	0,1475	0,2192	0,9473	-11,3525	-4,5166	5,5542	12,4915	-10,9424	-40,9351	30,52	3,67	-5	-93	-274	-0,93066	-0,06830	0,12665	0,33630
0x50	 23:30:13.461	 2020-11-06 15:59:30.590	0,2002	0,1421	1,0029	-47,4243	4,5166	20,0806	10,4919	-11,2994	-40,8691	30,57	3,67	-10	-87	-278	-0,93173	-0,05103	0,12366	0,33755
0x50	 23:30:13.567	 2020-11-06 15:59:30.690	0,2178	0,1689	0,9917	-11,6577	-3,3569	5,0659	8,0585	-11,7334	-41,2427	30,50	3,67	-11	-74	-289	-0,93121	-0,02951	0,12006	0,34277
0x50	 23:30:13.643	 2020-11-06 15:59:30.790	0,1904	0,1387	0,9678	0,6104	-0,9766	-0,4272	7,7563	-12,0575	-42,4237	30,51	3,67	-19	-70	-293	-0,92752	-0,02481	0,12204	0,35239
0x50	 23:30:13.749	 2020-11-06 15:59:30.890	0,2432	0,1919	1,0200	24,6582	-8,8501	-24,0479	9,9261	-12,5739	-45,1923	30,51	3,67	-16	-76	-290	-0,91788	-0,03745	0,13376	0,37173
0x50	 23:30:13.850	 2020-11-06 15:59:30.990	0,2202	0,1455	1,0068	-9,1553	-2,5635	3,2959	10,9753	-12,9968	-46,6040	30,55	3,67	-14	-84	-281	-0,91260	-0,04269	0,14105	0,38129
0x50	 23:30:13.941	 2020-11-06 15:59:31.090	0,2070	0,0186	1,0010	-83,9844	5,0659	48,4619	3,7079	-12,2717	-43,3685	30,54	3,67	-19	-69	-295	-0,92468	0,00955	0,11118	0,36395
0x50	 23:30:14.060	 2020-11-06 15:59:31.190	0,2373	0,1650	1,0532	-15,0757	-17,3340	37,3535	-3,0103	-12,5079	-37,8864	30,51	3,67	-29	-39	-314	-0,93893	0,06009	0,09451	0,32532
0x50	 23:30:14.142	 2020-11-06 15:59:31.290	0,2275	-0,0566	0,9878	-17,8833	-4,6387	26,1230	-4,4989	-12,8485	-37,0569	30,54	3,67	-38	-24	-318	-0,94006	0,07254	0,09360	0,31970
0x50	 23:30:14.252	 2020-11-06 15:59:31.390	0,1836	-0,2427	0,9453	-39,8560	8,4229	33,0811	-6,8665	-12,3761	-35,0793	30,52	3,67	-43	-9	-323	-0,94427	0,08920	0,08466	0,30524
0x50	 23:30:14.346	 2020-11-06 15:59:31.490	0,1978	-0,0874	1,0093	-3,6621	10,6201	-5,9814	-9,0198	-12,3376	-33,9587	30,53	3,67	-54	6	-329	-0,94543	0,10608	0,07962	0,29752
0x50	 23:30:14.453	 2020-11-06 15:59:31.590	0,1997	-0,1602	0,9731	-10,6812	-0,9155	25,5737	-10,7117	-11,3214	-31,9318	30,52	3,67	-51	14	-335	-0,95001	0,11633	0,06888	0,28137
0x50	 23:30:14.556	 2020-11-06 15:59:31.690	0,1416	-0,4131	0,8481	-36,7432	0,3662	43,4570	-13,2275	-10,4370	-29,1742	30,54	3,67	-51	20	-340	-0,95468	0,13379	0,05853	0,25931
0x50	 23:30:14.639	 2020-11-06 15:59:31.790	0,1851	-0,1631	1,0020	-13,4277	-5,0659	24,9634	-17,0618	-10,2667	-24,3896	30,54	3,67	-60	47	-341	-0,95990	0,16309	0,05530	0,22107
0x50	 23:30:14.742	 2020-11-06 15:59:31.890	0,1841	-0,2769	1,0000	-36,6821	-13,6108	52,0020	-20,3796	-9,9097	-18,2208	30,54	3,67	-73	63	-348	-0,96573	0,18750	0,05603	0,17038
0x50	 23:30:14.862	 2020-11-06 15:59:31.990	0,1641	-0,3364	0,9141	-20,6909	-9,2773	31,6772	-23,6371	-9,1351	-12,5519	30,56	3,67	-81	91	-347	-0,96805	0,21146	0,05515	0,12286
0x50	 23:30:14.939	 2020-11-06 15:59:32.090	0,1470	-0,4043	0,9419	-7,6294	-2,7466	9,7046	-24,8785	-8,9264	-8,3112	30,56	3,67	-86	102	-348	-0,96976	0,21973	0,06021	0,08725
0x50	 23:30:15.045	 2020-11-06 15:59:32.190	0,1470	-0,4180	0,9229	-5,1880	0,5493	6,5918	-25,8289	-8,5364	-4,3231	30,56	3,67	-90	111	-347	-0,97067	0,22546	0,06406	0,05331
0x50	 23:30:15.151	 2020-11-06 15:59:32.290	0,1372	-0,3521	0,9697	108,2153	-10,8643	9,8267	-19,9017	-8,9703	-1,3293	30,55	3,67	-90	99	-344	-0,98169	0,17319	0,07504	0,02490
0x50	 23:30:15.253	 2020-11-06 15:59:32.390	0,1587	-0,2495	0,9829	11,1084	-4,5776	0,0000	-15,7928	-9,0472	3,0103	30,54	3,67	-93	69	-340	-0,98737	0,13483	0,08170	-0,01511
0x50	 23:30:15.357	 2020-11-06 15:59:32.490	0,1436	-0,2842	0,9521	3,1738	-2,0142	-3,6011	-15,0897	-9,3494	5,2954	30,48	3,67	-87	55	-339	-0,98746	0,12701	0,08676	-0,03497
0x50	 23:30:15.439	 2020-11-06 15:59:32.590	0,1709	-0,2559	0,9941	-0,4883	-3,1128	-8,3008	-14,9799	-9,6515	7,2839	30,54	3,67	-87	53	-337	-0,98663	0,12430	0,09149	-0,05185
0x50	 23:30:15.545	 2020-11-06 15:59:32.690	0,1602	-0,2104	0,9556	-1,8921	1,6479	-6,9580	-14,8590	-9,7723	8,6682	30,57	3,67	-93	53	-336	-0,98599	0,12207	0,09396	-0,06369
0x50	 23:30:15.646	 2020-11-06 15:59:32.790	0,1455	-0,3784	0,9287	-28,2593	7,6904	-1,6479	-15,8423	-9,5197	9,3494	30,52	3,67	-89	54	-336	-0,98468	0,13016	0,09311	-0,06906
0x50	 23:30:15.751	 2020-11-06 15:59:32.890	0,1431	-0,3267	0,9341	-38,5132	6,3477	1,5869	-20,1544	-8,8110	11,0797	30,59	3,67	-84	70	-342	-0,97836	0,16635	0,09213	-0,08139
0x50	 23:30:15.838	 2020-11-06 15:59:32.990	0,1226	-0,3652	0,9248	-4,5776	-0,2441	-6,7749	-22,0551	-8,5474	11,9916	30,55	3,67	-82	85	-347	-0,97491	0,18210	0,09268	-0,08807
0x50	 23:30:15.939	 2020-11-06 15:59:33.090	0,1372	-0,3950	0,9116	-1,4648	1,2817	1,8921	-22,3956	-8,6133	12,5354	30,55	3,67	-80	85	-349	-0,97391	0,18445	0,09439	-0,09232
0x50	 23:30:16.051	 2020-11-06 15:59:33.190	0,1460	-0,3013	0,9497	3,0518	-1,4038	-0,6714	-22,4231	-8,6078	13,9526	30,52	3,67	-83	92	-346	-0,97266	0,18350	0,09662	-0,10434
0x50	 23:30:16.139	 2020-11-06 15:59:33.290	0,1685	-0,3643	0,9536	5,0049	6,7749	-26,6724	-21,5771	-8,8824	14,6448	30,59	3,67	-80	86	-348	-0,97321	0,17542	0,09924	-0,11044
0x50	 23:30:16.261	 2020-11-06 15:59:33.390	0,1167	-0,3594	0,9116	12,9395	3,3569	-17,8223	-20,0720	-8,9868	12,7002	30,50	3,67	-75	78	-348	-0,97714	0,16412	0,09589	-0,09503
0x50	 23:30:16.344	 2020-11-06 15:59:33.490	0,0933	-0,2651	0,8130	2,9907	-14,8926	-7,0190	-19,5941	-9,4812	12,7167	30,51	3,67	-71	72	-345	-0,97754	0,15952	0,09973	-0,09479
