StartTime: 2020-12-22 23:18:45.488
address	Time(s)	ChipTime	ax(g)	ay(g)	az(g)	wx(deg/s)	wy(deg/s)	wz(deg/s)	AngleX(deg)	AngleY(deg)	AngleZ(deg)	T(°)	Voltage(v)	hx	hy	hz	q0	q1	q2	q3
0x50	 23:18:45.488	 2020-11-06 15:48:01.090	0,3423	-0,2095	0,9194	0,1221	-0,0610	0,0000	-12,8650	-20,3632	10,2228	30,00	3,68	-108	41	-266	0,97592	-0,09415	-0,18481	0,06744
0x50	 23:18:45.533	 2020-11-06 15:48:01.190	0,3403	-0,2090	0,9194	-0,5493	0,1221	0,0000	-12,9199	-20,3522	11,6400	30,04	3,68	-112	42	-264	0,97498	-0,09238	-0,18588	0,07938
0x50	 23:18:45.639	 2020-11-06 15:48:01.290	0,3521	-0,1924	0,9258	-0,6104	7,0801	-2,8076	-12,9694	-20,2148	12,6947	30,07	3,68	-111	39	-265	0,97437	-0,09125	-0,18561	0,08844
0x50	 23:18:45.744	 2020-11-06 15:48:01.390	0,3369	-0,2373	0,9077	0,0000	5,4932	-23,6816	-13,0792	-19,7919	13,5022	30,07	3,68	-107	42	-266	0,97421	-0,09134	-0,18274	0,09561
0x50	 23:18:45.847	 2020-11-06 15:48:01.490	0,3291	-0,2065	0,9199	4,5776	2,6245	-14,2822	-11,8707	-19,8358	11,5411	30,05	3,68	-103	35	-266	0,97659	-0,08414	-0,18069	0,08078
0x50	 23:18:45.952	 2020-11-06 15:48:01.590	0,3315	-0,2031	0,9277	1,7700	0,7935	-4,2725	-11,3544	-19,8578	10,4205	30,10	3,68	-100	30	-268	0,97766	-0,08145	-0,17972	0,07205
0x50	 23:18:46.054	 2020-11-06 15:48:01.690	0,3354	-0,1738	0,9307	0,7935	0,6104	0,5493	-11,1896	-19,8248	9,8932	30,02	3,68	-97	30	-270	0,97815	-0,08090	-0,17899	0,06781
0x50	 23:18:46.142	 2020-11-06 15:48:01.790	0,3306	-0,1777	0,9302	-2,3804	1,0986	-0,4883	-11,1896	-19,7424	9,2285	30,04	3,68	-95	29	-268	0,97864	-0,08203	-0,17783	0,06219
0x50	 23:18:46.245	 2020-11-06 15:48:01.890	0,3247	-0,2168	0,9194	1,7090	1,5869	-4,9438	-10,9479	-19,6875	8,2123	30,08	3,68	-95	26	-267	0,97940	-0,08154	-0,17648	0,05399
0x50	 23:18:46.335	 2020-11-06 15:48:01.990	0,3345	-0,1602	0,9390	5,1880	3,1738	-9,7046	-10,4260	-19,6216	7,0367	30,03	3,68	-94	22	-268	0,98038	-0,07895	-0,17487	0,04477
0x50	 23:18:46.436	 2020-11-06 15:48:02.090	0,3252	-0,1646	0,9316	2,6855	1,2817	-6,1035	-9,6625	-19,5117	5,5096	30,03	3,68	-92	16	-269	0,98157	-0,07477	-0,17267	0,03293
0x50	 23:18:46.541	 2020-11-06 15:48:02.190	0,3257	-0,1602	0,9346	2,0142	0,7935	-3,1128	-9,2230	-19,4788	4,2462	30,06	3,68	-89	18	-271	0,98221	-0,07294	-0,17145	0,02280
0x50	 23:18:46.647	 2020-11-06 15:48:02.290	0,3247	-0,1470	0,9365	1,3428	-0,4272	0,1831	-9,0582	-19,4623	3,4497	30,05	3,68	-89	16	-267	0,98245	-0,07272	-0,17078	0,01620
0x50	 23:18:46.741	 2020-11-06 15:48:02.390	0,3237	-0,1323	0,9355	1,4038	-0,1831	1,0986	-8,9648	-19,4897	2,8674	30,07	3,68	-90	16	-267	0,98257	-0,07278	-0,17062	0,01135
0x50	 23:18:46.856	 2020-11-06 15:48:02.490	0,3345	-0,1035	0,9487	1,5869	1,4038	-9,8267	-8,8055	-19,5007	1,6150	30,07	3,68	-88	15	-270	0,98270	-0,07327	-0,16992	0,00085
0x50	 23:18:46.935	 2020-11-06 15:48:02.590	0,3306	-0,1113	0,9463	3,5400	2,4414	-15,9912	-7,8168	-19,4843	-1,1261	30,10	3,68	-83	12	-270	0,98309	-0,06885	-0,16818	-0,02124
0x50	 23:18:47.043	 2020-11-06 15:48:02.690	0,3174	-0,1343	0,9287	3,9063	0,2441	-10,8032	-6,8939	-19,4843	-3,9331	30,08	3,68	-80	6	-270	0,98285	-0,06503	-0,16678	-0,04395
0x50	 23:18:47.146	 2020-11-06 15:48:02.790	0,3296	-0,1006	0,9453	4,0894	1,2207	-11,5967	-6,2018	-19,5776	-6,5918	30,07	3,68	-77	2	-271	0,98181	-0,06299	-0,16641	-0,06577
0x50	 23:18:47.251	 2020-11-06 15:48:02.890	0,3271	-0,1123	0,9419	3,9673	-0,3662	-9,9487	-5,3339	-19,6381	-9,3274	30,09	3,68	-74	-1	-270	0,98035	-0,05957	-0,16605	-0,08798
0x50	 23:18:47.336	 2020-11-06 15:48:02.990	0,3345	-0,0659	0,9414	5,5542	1,3428	-12,2070	-4,4385	-19,7150	-12,2662	30,07	3,68	-75	-3	-269	0,97812	-0,05624	-0,16602	-0,11179
0x50	 23:18:47.434	 2020-11-06 15:48:03.090	0,3262	-0,0371	0,9478	4,6997	0,4883	-11,9629	-3,4882	-19,7314	-15,3204	30,09	3,68	-67	-7	-269	0,97525	-0,05255	-0,16574	-0,13644
0x50	 23:18:47.543	 2020-11-06 15:48:03.190	0,3228	-0,0840	0,9434	5,5542	0,6104	-13,9160	-2,3126	-19,6875	-19,1327	30,07	3,68	-65	-12	-268	0,97079	-0,04800	-0,16525	-0,16711
0x50	 23:18:47.647	 2020-11-06 15:48:03.290	0,3198	-0,0557	0,9351	3,8452	-0,5493	-5,6763	-1,5820	-19,6985	-21,6595	30,06	3,68	-61	-15	-267	0,96716	-0,04553	-0,16544	-0,18744
0x50	 23:18:47.752	 2020-11-06 15:48:03.390	0,3267	-0,0146	0,9429	0,0000	-0,6714	-1,7700	-1,4117	-19,8083	-23,4229	30,07	3,68	-64	-20	-266	0,96405	-0,04678	-0,16599	-0,20200
0x50	 23:18:47.829	 2020-11-06 15:48:03.490	0,3281	-0,0308	0,9404	2,9907	-0,8545	-5,7373	-0,9448	-19,8688	-25,8563	30,07	3,68	-59	-21	-267	0,95966	-0,04654	-0,16632	-0,22174
0x50	 23:18:47.945	 2020-11-06 15:48:03.590	0,3452	0,0059	0,9604	10,5591	0,0610	-7,6294	-0,1318	-19,8962	-28,1085	30,07	3,68	-60	-23	-266	0,95541	-0,04306	-0,16733	-0,23938
0x50	 23:18:48.046	 2020-11-06 15:48:03.690	0,3330	0,0454	0,9438	12,5122	1,8311	-11,8408	1,2195	-19,8303	-30,7343	30,07	3,68	-56	-28	-265	0,95026	-0,03552	-0,16882	-0,25928
0x50	 23:18:48.150	 2020-11-06 15:48:03.790	0,3271	0,0415	0,9443	4,4556	0,0610	-4,9438	2,3401	-19,7150	-33,1567	30,09	3,68	-53	-34	-263	0,94507	-0,02954	-0,16980	-0,27771
0x50	 23:18:48.229	 2020-11-06 15:48:03.890	0,3188	0,0435	0,9390	5,4321	0,2441	-9,2163	3,2135	-19,6326	-35,7111	30,10	3,68	-52	-34	-260	0,93896	-0,02594	-0,17068	-0,29745
0x50	 23:18:48.353	 2020-11-06 15:48:03.990	0,3276	0,0503	0,9434	-0,1831	0,0000	2,0142	3,4552	-19,6106	-37,0789	30,07	3,68	-51	-38	-260	0,93542	-0,02594	-0,17087	-0,30832
0x50	 23:18:48.436	 2020-11-06 15:48:04.090	0,3027	-0,1094	0,9385	-25,4517	5,3101	24,5972	2,5818	-19,4897	-36,9580	30,10	3,68	-50	-39	-259	0,93570	-0,03253	-0,16754	-0,30869
0x50	 23:18:48.557	 2020-11-06 15:48:04.190	0,3276	-0,1299	0,9385	-27,9541	5,4932	55,9082	-1,6150	-19,0833	-32,7722	30,07	3,68	-59	-26	-263	0,94534	-0,06012	-0,15512	-0,28043
0x50	 23:18:48.643	 2020-11-06 15:48:04.290	0,3306	0,0728	0,9609	-22,5830	-1,7700	47,8516	-6,7291	-18,6823	-27,4109	30,10	3,68	-72	-5	-268	0,95471	-0,09467	-0,14368	-0,24265
0x50	 23:18:48.761	 2020-11-06 15:48:04.390	0,3091	-0,1768	0,9351	-13,6108	-0,6104	20,3247	-9,0857	-18,4186	-25,8948	30,07	3,68	-79	12	-270	0,95612	-0,11197	-0,13797	-0,23285
0x50	 23:18:48.870	 2020-11-06 15:48:04.490	0,3042	-0,1758	0,9346	-4,3335	-4,6997	10,0098	-10,0800	-18,5010	-23,8458	30,07	3,68	-83	21	-273	0,95905	-0,11792	-0,13873	-0,21692
0x50	 23:18:48.932	 2020-11-06 15:48:04.590	0,3164	-0,1445	0,9561	-3,3569	-1,6479	8,9111	-10,9149	-18,6163	-21,4673	30,07	3,68	-90	24	-272	0,96228	-0,12225	-0,14072	-0,19809
0x50	 23:18:49.042	 2020-11-06 15:48:04.690	0,2959	-0,1812	0,9253	1,0986	-1,7700	8,5449	-11,3818	-18,5614	-19,2810	30,07	3,68	-91	33	-268	0,96548	-0,12335	-0,14182	-0,18021
0x50	 23:18:49.172	 2020-11-06 15:48:04.790	0,3008	-0,2090	0,9302	0,7935	0,3662	5,4321	-11,3818	-18,4955	-17,2101	30,07	3,68	-92	32	-270	0,96866	-0,12073	-0,14346	-0,16272
0x50	 23:18:49.231	 2020-11-06 15:48:04.890	0,3149	-0,2246	0,9375	-2,8076	0,4883	10,6201	-11,6675	-18,3856	-15,0458	30,05	3,68	-95	31	-268	0,97144	-0,12030	-0,14441	-0,14471
0x50	 23:18:49.337	 2020-11-06 15:48:04.990	0,2959	-0,1841	0,9390	-11,2305	0,9155	21,7285	-13,3099	-17,7979	-11,4148	30,08	3,68	-94	37	-269	0,97464	-0,12921	-0,14151	-0,11545
0x50	 23:18:49.440	 2020-11-06 15:48:05.090	0,2793	-0,1577	0,9395	-5,6152	-2,8076	19,4702	-14,9744	-17,3035	-6,4435	30,08	3,68	-99	47	-271	0,97751	-0,13702	-0,14166	-0,07468
0x50	 23:18:49.541	 2020-11-06 15:48:05.190	0,2925	-0,2578	0,9365	-3,6011	-3,7842	20,7520	-15,8148	-17,1387	-2,4774	30,04	3,68	-101	55	-270	0,97873	-0,13922	-0,14462	-0,04172
0x50	 23:18:49.635	 2020-11-06 15:48:05.290	0,2905	-0,3379	0,9180	-2,8076	-2,0142	13,6719	-16,5234	-16,9629	1,8292	30,07	3,68	-108	56	-268	0,97900	-0,13977	-0,14822	-0,00552
0x50	 23:18:49.741	 2020-11-06 15:48:05.390	0,2808	-0,2959	0,9165	-2,0142	-0,1831	7,1411	-17,1442	-16,7816	6,1139	30,07	3,68	-110	62	-269	0,97800	-0,13956	-0,15198	0,03043
0x50	 23:18:49.847	 2020-11-06 15:48:05.490	0,2876	-0,2212	0,9458	-0,2441	2,9907	-1,7090	-17,4573	-16,5564	9,8602	30,07	3,68	-110	63	-267	0,97635	-0,13739	-0,15472	0,06229
0x50	 23:18:49.929	 2020-11-06 15:48:05.590	0,2686	-0,2646	0,9287	0,0610	3,9673	-2,3193	-17,3914	-16,2158	12,0410	30,07	3,68	-106	64	-270	0,97543	-0,13422	-0,15439	0,08142
0x50	 23:18:50.041	 2020-11-06 15:48:05.690	0,2715	-0,2617	0,9360	-0,6714	6,6528	-12,8174	-17,2760	-15,8917	14,1559	30,05	3,68	-107	65	-268	0,97424	-0,13077	-0,15396	0,10007
0x50	 23:18:50.134	 2020-11-06 15:48:05.790	0,2744	-0,2583	0,9492	6,7139	4,2725	-17,0898	-16,3092	-15,8478	14,7107	30,07	3,68	-101	58	-273	0,97485	-0,12189	-0,15332	0,10611
0x50	 23:18:50.236	 2020-11-06 15:48:05.890	0,3047	-0,2578	1,0083	7,0190	-0,8545	-19,7144	-14,8865	-16,0840	14,7162	30,08	3,68	-100	52	-272	0,97604	-0,10947	-0,15405	0,10779
0x50	 23:18:50.341	 2020-11-06 15:48:05.990	0,1958	-0,1016	0,7798	30,2124	-5,8594	-42,7856	-12,4750	-16,5289	14,1888	30,07	3,68	-91	42	-271	0,97815	-0,08905	-0,15506	0,10599
0x50	 23:18:50.445	 2020-11-06 15:48:06.090	0,2832	-0,0986	0,9814	14,7705	4,4556	-13,0005	-10,5743	-17,4463	12,4365	30,10	3,68	-87	29	-271	0,97992	-0,07416	-0,16000	0,09274
0x50	 23:18:50.524	 2020-11-06 15:48:06.190	0,2935	-0,1353	0,9536	10,7422	5,0659	-15,1367	-8,3276	-17,1716	11,1786	30,07	3,68	-85	17	-269	0,98251	-0,05695	-0,15521	0,08527
0x50	 23:18:50.632	 2020-11-06 15:48:06.290	0,3130	-0,1035	0,9648	9,8877	8,1177	-25,5737	-6,4490	-17,0288	8,8330	30,07	3,68	-79	6	-268	0,98511	-0,04407	-0,15170	0,06772
0x50	 23:18:50.739	 2020-11-06 15:48:06.390	0,2803	-0,0752	0,9370	7,3853	7,2632	-36,3159	-4,4659	-16,6718	3,7903	30,08	3,68	-70	0	-266	0,98831	-0,03372	-0,14606	0,02707
0x50	 23:18:50.830	 2020-11-06 15:48:06.490	0,2749	-0,0796	0,9487	7,4463	-0,6714	-16,0522	-2,9828	-16,5729	-0,2417	30,05	3,68	-61	-10	-268	0,98920	-0,02606	-0,14401	-0,00586
0x50	 23:18:50.932	 2020-11-06 15:48:06.590	0,2651	-0,0718	0,9448	8,0566	0,4272	-15,1978	-1,6589	-16,5894	-4,2792	30,07	3,68	-55	-17	-269	0,98865	-0,01968	-0,14365	-0,03903
0x50	 23:18:51.039	 2020-11-06 15:48:06.690	0,2866	0,0015	0,9707	5,9204	0,3052	-13,3667	-0,6207	-16,6772	-8,1628	30,03	3,68	-51	-18	-268	0,98682	-0,01569	-0,14426	-0,07123
0x50	 23:18:51.135	 2020-11-06 15:48:06.790	0,2852	0,0244	0,9810	2,6855	-1,9531	-14,0381	0,2252	-16,7267	-12,1893	30,04	3,68	-48	-25	-264	0,98376	-0,01346	-0,14487	-0,10477
0x50	 23:18:51.241	 2020-11-06 15:48:06.890	0,2588	-0,0088	0,9365	4,3335	-1,4038	-9,8877	0,9778	-16,6718	-15,8038	30,07	3,68	-42	-29	-263	0,98016	-0,01154	-0,14478	-0,13480
0x50	 23:18:51.323	 2020-11-06 15:48:06.990	0,2876	0,0220	0,9712	3,9673	0,4883	-10,6812	1,6315	-16,8640	-19,1217	30,11	3,68	-43	-32	-265	0,97568	-0,01044	-0,14694	-0,16220
0x50	 23:18:51.457	 2020-11-06 15:48:07.090	0,2886	0,0581	0,9722	8,9722	-1,0376	-7,8125	2,5983	-16,9025	-21,9891	30,07	3,68	-39	-34	-260	0,97134	-0,00598	-0,14856	-0,18533
0x50	 23:18:51.534	 2020-11-06 15:48:07.190	0,2793	0,0552	0,9590	16,3574	-1,6479	-10,2539	4,2627	-16,9135	-25,3125	30,07	3,68	-42	-43	-259	0,96561	0,00369	-0,15143	-0,21121
0x50	 23:18:51.626	 2020-11-06 15:48:07.290	0,2832	0,0889	0,9585	5,8594	0,4883	-0,4272	5,3503	-16,9409	-27,2186	30,05	3,68	-38	-47	-254	0,96185	0,01022	-0,15390	-0,22580
0x50	 23:18:51.731	 2020-11-06 15:48:07.390	0,2720	0,1108	0,9443	-3,1128	-1,8311	-0,6714	5,6635	-16,9409	-29,2621	30,06	3,68	-38	-52	-254	0,95767	0,01013	-0,15469	-0,24246
0x50	 23:18:51.834	 2020-11-06 15:48:07.490	0,3257	0,0854	0,9902	-4,3335	-1,6479	1,4648	5,1361	-17,2705	-30,7617	30,09	3,68	-38	-51	-254	0,95404	0,00293	-0,15640	-0,25549
0x50	 23:18:51.931	 2020-11-06 15:48:07.590	0,2866	0,0322	0,9600	-6,4087	2,8687	10,3760	4,6033	-17,1387	-31,6626	30,05	3,68	-37	-47	-256	0,95218	-0,00238	-0,15405	-0,26379
0x50	 23:18:52.039	 2020-11-06 15:48:07.690	0,2925	0,0420	0,9697	-1,8311	1,4648	9,7046	3,9221	-17,0178	-31,8878	30,03	3,68	-45	-43	-257	0,95175	-0,00806	-0,15149	-0,26663
0x50	 23:18:52.141	 2020-11-06 15:48:07.790	0,3101	0,1689	0,9590	0,3662	-0,1221	1,8311	3,0817	-17,1661	-31,9812	30,07	3,68	-44	-39	-258	0,95126	-0,01553	-0,15076	-0,26846
0x50	 23:18:52.239	 2020-11-06 15:48:07.890	0,2778	0,0386	0,9570	-3,9063	1,0986	8,1787	2,8510	-17,0782	-32,8546	30,07	3,68	-45	-37	-259	0,94928	-0,01837	-0,14932	-0,27606
0x50	 23:18:52.321	 2020-11-06 15:48:07.990	0,2813	-0,0083	0,9639	-3,6621	1,6479	13,1836	2,1918	-16,9794	-32,9425	30,07	3,68	-47	-36	-258	0,94907	-0,02365	-0,14691	-0,27765
0x50	 23:18:52.449	 2020-11-06 15:48:08.090	0,2954	0,1133	0,9961	-6,0425	1,9531	31,9824	0,3351	-16,8530	-30,4761	30,03	3,68	-54	-30	-262	0,95450	-0,03568	-0,14215	-0,25958
0x50	 23:18:52.545	 2020-11-06 15:48:08.190	0,2656	-0,0034	0,9404	-12,6343	0,8545	23,0103	-1,3348	-16,6443	-29,1907	30,05	3,68	-56	-21	-263	0,95703	-0,04761	-0,13715	-0,25095
0x50	 23:18:52.621	 2020-11-06 15:48:08.290	0,2764	-0,0669	0,9697	-5,1270	2,3804	5,7983	-1,8951	-16,5070	-29,7620	30,02	3,68	-62	-17	-266	0,95569	-0,05270	-0,13455	-0,25641
0x50	 23:18:52.725	 2020-11-06 15:48:08.390	0,2744	-0,0547	0,9629	-2,1973	0,7324	7,9346	-2,5983	-16,3751	-28,7787	30,10	3,68	-62	-16	-263	0,95767	-0,05716	-0,13235	-0,24905
0x50	 23:18:52.826	 2020-11-06 15:48:08.490	0,2773	-0,0874	0,9702	-5,9814	-0,0610	19,5313	-3,3893	-16,2872	-26,9385	30,07	3,68	-66	-6	-268	0,96127	-0,06149	-0,13086	-0,23459
0x50	 23:18:52.927	 2020-11-06 15:48:08.590	0,2715	-0,0791	0,9688	-5,9814	-5,3101	26,9775	-4,7900	-16,2817	-23,9612	30,07	3,68	-70	-3	-265	0,96628	-0,06985	-0,12979	-0,21109
0x50	 23:18:53.062	 2020-11-06 15:48:08.690	0,2778	-0,0161	0,9590	-6,5308	-3,1128	30,7617	-6,5314	-16,6168	-19,8358	30,07	3,68	-80	2	-266	0,97168	-0,08038	-0,13242	-0,17828
0x50	 23:18:53.139	 2020-11-06 15:48:08.790	0,2813	-0,0957	0,9678	-7,9346	-2,9297	24,0479	-7,8168	-16,6003	-14,8700	30,05	3,68	-87	10	-262	0,97763	-0,08551	-0,13409	-0,13751
0x50	 23:18:53.265	 2020-11-06 15:48:08.890	0,2871	-0,1553	0,9624	-2,5024	-2,3804	14,0381	-8,7012	-16,5674	-10,6238	30,03	3,68	-90	17	-260	0,98145	-0,08804	-0,13611	-0,10223
0x50	 23:18:53.320	 2020-11-06 15:48:08.990	0,2769	-0,1387	0,9619	-1,1597	-1,0986	15,6250	-9,3933	-16,3751	-6,4874	30,07	3,68	-94	23	-260	0,98422	-0,08896	-0,13712	-0,06747
0x50	 23:18:53.426	 2020-11-06 15:48:09.090	0,2764	-0,1523	0,9585	-3,8452	0,3662	15,0757	-10,1239	-16,0840	-2,1863	30,09	3,68	-93	24	-263	0,98587	-0,09000	-0,13770	-0,03119
0x50	 23:18:53.535	 2020-11-06 15:48:09.190	0,2666	-0,1479	0,9561	-4,6387	0,1831	17,2729	-11,0632	-15,7983	2,2412	30,09	3,68	-102	30	-261	0,98596	-0,09280	-0,13864	0,00604
0x50	 23:18:53.640	 2020-11-06 15:48:09.290	0,2661	-0,2373	0,9399	-6,5308	1,0376	14,2822	-12,0026	-15,4248	6,6577	30,03	3,68	-102	35	-260	0,98465	-0,09567	-0,13928	0,04321
0x50	 23:18:53.737	 2020-11-06 15:48:09.390	0,2539	-0,1982	0,9541	-3,4790	-0,3662	10,0708	-13,1122	-14,9963	10,9973	30,09	3,68	-103	44	-262	0,98184	-0,10025	-0,13989	0,07956
0x50	 23:18:53.829	 2020-11-06 15:48:09.490	0,2603	-0,2383	0,9526	-1,4648	-0,8545	12,5122	-13,5297	-14,8700	14,7272	30,06	3,68	-105	47	-263	0,97852	-0,09940	-0,14240	0,11108
0x50	 23:18:53.919	 2020-11-06 15:48:09.590	0,2544	-0,2520	0,9370	-0,6714	-1,7700	14,8315	-14,0076	-14,6722	18,6603	30,07	3,68	-105	50	-265	0,97388	-0,09879	-0,14471	0,14426
0x50	 23:18:54.037	 2020-11-06 15:48:09.690	0,2568	-0,2295	0,9580	0,5493	-1,4038	5,6152	-14,2877	-14,5844	22,7856	30,07	3,68	-109	52	-265	0,96793	-0,09604	-0,14783	0,17896
0x50	 23:18:54.121	 2020-11-06 15:48:09.790	0,2432	-0,2227	0,9473	0,7935	-1,5259	3,7842	-14,4745	-14,5514	25,8673	30,08	3,68	-108	55	-260	0,96262	-0,09366	-0,15045	0,20471
0x50	 23:18:54.242	 2020-11-06 15:48:09.890	0,2466	-0,2285	0,9419	0,0610	-0,3052	1,6479	-14,5898	-14,5184	28,8556	30,07	3,68	-110	58	-261	0,95691	-0,09073	-0,15277	0,22961
0x50	 23:18:54.322	 2020-11-06 15:48:09.990	0,2549	-0,2510	0,9561	-5,9204	4,0283	-7,4463	-14,6997	-14,4086	31,3989	30,09	3,68	-112	56	-263	0,95157	-0,08850	-0,15408	0,25082
0x50	 23:18:54.459	 2020-11-06 15:48:10.090	0,2407	-0,2393	0,9321	-3,2959	9,0942	-23,1934	-14,8755	-14,0845	32,9150	30,09	3,68	-107	58	-265	0,94824	-0,08878	-0,15302	0,26358
0x50	 23:18:54.526	 2020-11-06 15:48:10.190	0,2368	-0,1895	0,9546	1,7700	3,1738	-11,9629	-14,6667	-14,0021	33,5742	30,04	3,68	-106	55	-263	0,94693	-0,08640	-0,15237	0,26941
0x50	 23:18:54.615	 2020-11-06 15:48:10.290	0,2295	-0,3008	0,9194	6,8359	2,3804	-24,2920	-13,2275	-14,0405	33,0524	30,10	3,68	-104	46	-265	0,94916	-0,07504	-0,14893	0,26697
0x50	 23:18:54.742	 2020-11-06 15:48:10.390	0,2891	-0,2441	0,9297	4,0283	2,9297	-25,2075	-12,1838	-14,5459	32,6239	30,03	3,68	-97	42	-265	0,95038	-0,06567	-0,15039	0,26416
0x50	 23:18:54.819	 2020-11-06 15:48:10.490	0,2520	-0,1890	0,9536	-3,7842	0,3052	-3,9063	-12,3651	-14,6063	33,1512	30,07	3,68	-96	38	-265	0,94901	-0,06635	-0,15164	0,26819
0x50	 23:18:54.934	 2020-11-06 15:48:10.590	0,2412	-0,1719	0,9331	5,6152	2,7466	-21,4233	-11,5356	-14,6942	33,1458	30,10	3,68	-90	36	-268	0,94940	-0,05923	-0,15036	0,26917
0x50	 23:18:55.015	 2020-11-06 15:48:10.690	0,2495	-0,1724	0,9331	11,4746	2,1362	-34,6069	-9,7559	-14,9963	31,0693	30,10	3,68	-84	27	-269	0,95471	-0,04639	-0,14786	0,25391
0x50	 23:18:55.125	 2020-11-06 15:48:10.790	0,2959	-0,1733	0,9893	2,4414	-3,2349	-19,6533	-8,4595	-15,6995	27,8009	30,06	3,68	-79	17	-267	0,96140	-0,03821	-0,14978	0,22757
0x50	 23:18:55.216	 2020-11-06 15:48:10.890	0,2695	-0,1694	0,9585	4,8828	-0,7324	-14,6484	-7,3059	-15,9741	24,2633	30,07	3,68	-77	11	-267	0,96805	-0,03253	-0,14886	0,19907
0x50	 23:18:55.335	 2020-11-06 15:48:10.990	0,2705	-0,0913	0,9536	6,5918	1,0986	-15,9912	-6,4105	-16,1169	21,2585	30,08	3,68	-73	3	-270	0,97302	-0,02859	-0,14777	0,17465
0x50	 23:18:55.411	 2020-11-06 15:48:11.090	0,2686	-0,0557	0,9546	4,6997	1,6479	-22,0947	-5,3394	-16,2817	17,1002	30,08	3,68	-69	0	-268	0,97882	-0,02454	-0,14676	0,14050
0x50	 23:18:55.524	 2020-11-06 15:48:11.190	0,2803	-0,1172	0,9546	2,1973	-0,7935	-12,4512	-4,4824	-16,5399	13,3594	30,04	3,68	-68	-6	-268	0,98276	-0,02173	-0,14728	0,10944
0x50	 23:18:55.627	 2020-11-06 15:48:11.290	0,2803	-0,0635	0,9624	4,2114	0,3052	-14,9536	-3,7793	-16,7212	9,3219	30,10	3,68	-60	-8	-267	0,98593	-0,02069	-0,14752	0,07559
0x50	 23:18:55.733	 2020-11-06 15:48:11.390	0,2866	-0,0190	0,9756	4,8218	0,4883	-7,6294	-3,1366	-16,7816	6,0205	30,03	3,68	-59	-12	-268	0,98776	-0,01935	-0,14713	0,04797
0x50	 23:18:55.837	 2020-11-06 15:48:11.490	0,2764	-0,0508	0,9556	6,3477	0,5493	-8,8501	-2,2522	-16,7816	2,2192	30,10	3,68	-59	-14	-266	0,98895	-0,01660	-0,14627	0,01630
0x50	 23:18:55.916	 2020-11-06 15:48:11.590	0,2681	-0,0366	0,9492	6,5308	0,1831	-13,3057	-1,0272	-16,7157	-1,6479	30,11	3,68	-56	-18	-265	0,98920	-0,01099	-0,14523	-0,01553
0x50	 23:18:56.026	 2020-11-06 15:48:11.690	0,2744	-0,0005	0,9570	7,5073	-0,2441	-17,1509	0,2417	-16,7212	-6,0535	30,05	3,68	-48	-23	-265	0,98798	-0,00555	-0,14532	-0,05197
0x50	 23:18:56.125	 2020-11-06 15:48:11.790	0,2769	0,0371	0,9590	8,3618	-0,6104	-18,2495	1,5216	-16,7212	-10,4205	30,03	3,68	-46	-32	-264	0,98535	-0,00012	-0,14600	-0,08789
0x50	 23:18:56.224	 2020-11-06 15:48:11.890	0,2803	0,0459	0,9556	8,6670	-0,4883	-12,5732	2,7246	-16,7816	-14,3536	30,10	3,68	-42	-36	-263	0,98169	0,00510	-0,14767	-0,12009
0x50	 23:18:56.324	 2020-11-06 15:48:11.990	0,2749	0,0474	0,9600	9,5215	-0,4883	-9,9487	4,0320	-16,7651	-18,0945	30,04	3,68	-40	-41	-256	0,97717	0,01144	-0,14938	-0,15042
0x50	 23:18:56.431	 2020-11-06 15:48:12.090	0,2798	0,0854	0,9561	5,6763	-0,4883	-6,6528	5,1471	-16,7212	-21,2585	30,08	3,68	-37	-48	-254	0,97260	0,01688	-0,15100	-0,17587
0x50	 23:18:56.534	 2020-11-06 15:48:12.190	0,2690	0,0938	0,9526	-5,1270	-0,0610	0,0000	5,2350	-16,6882	-23,6316	30,09	3,68	-35	-46	-255	0,96878	0,01453	-0,15115	-0,19592
0x50	 23:18:56.622	 2020-11-06 15:48:12.290	0,2769	0,0591	0,9536	-8,6670	0,7324	0,0610	4,3671	-16,6718	-25,7135	30,10	3,68	-34	-46	-258	0,96515	0,00452	-0,14966	-0,21463
0x50	 23:18:56.730	 2020-11-06 15:48:12.390	0,2773	0,0649	0,9561	-3,0518	2,1362	-1,4648	3,8892	-16,5454	-27,6526	30,09	3,68	-33	-46	-262	0,96152	-0,00174	-0,14767	-0,23163
0x50	 23:18:56.831	 2020-11-06 15:48:12.490	0,2627	0,0889	0,9580	8,0566	-0,7935	-12,9395	4,5538	-16,4355	-30,5530	30,08	3,68	-35	-42	-257	0,95547	0,00031	-0,14816	-0,25507
0x50	 23:18:56.911	 2020-11-06 15:48:12.590	0,2681	0,0654	0,9668	11,1084	-1,8921	-8,6060	6,1469	-16,3641	-33,6292	30,07	3,68	-28	-52	-257	0,94830	0,00967	-0,15140	-0,27863
0x50	 23:18:57.015	 2020-11-06 15:48:12.690	0,2798	0,1133	0,9648	11,3525	0,9766	-6,8970	7,3883	-16,2708	-36,1340	30,07	3,68	-25	-55	-253	0,94199	0,01682	-0,15405	-0,29770
0x50	 23:18:57.124	 2020-11-06 15:48:12.790	0,2676	0,1563	0,9424	19,1650	-0,0610	-12,5732	9,1571	-16,1005	-38,8861	30,10	3,68	-22	-63	-251	0,93439	0,02805	-0,15796	-0,31802
0x50	 23:18:57.229	 2020-11-06 15:48:12.890	0,2520	0,1621	0,9473	11,5356	0,0000	-2,8076	10,9918	-15,9467	-40,8472	30,08	3,68	-22	-72	-243	0,92841	0,04071	-0,16254	-0,33157
0x50	 23:18:57.332	 2020-11-06 15:48:12.990	0,2617	0,1895	0,9380	9,3994	1,2817	-7,5684	12,1619	-15,7874	-42,9950	30,10	3,68	-16	-75	-239	0,92175	0,04758	-0,16553	-0,34741
0x50	 23:18:57.409	 2020-11-06 15:48:13.090	0,2495	0,2085	0,9399	-7,9956	0,6714	-3,7231	12,2607	-15,5731	-44,6100	30,03	3,68	-16	-77	-239	0,91687	0,04675	-0,16479	-0,36050
0x50	 23:18:57.511	 2020-11-06 15:48:13.190	0,2720	0,1953	0,9595	-14,8315	2,0142	6,7749	10,4810	-15,3040	-45,2747	30,10	3,68	-14	-72	-242	0,91556	0,03250	-0,15723	-0,36868
0x50	 23:18:57.611	 2020-11-06 15:48:13.290	0,2563	0,0586	0,9810	-18,6768	7,6294	19,2871	8,6462	-15,0623	-45,1318	30,13	3,68	-13	-69	-247	0,91663	0,01889	-0,14938	-0,37024
0x50	 23:18:57.721	 2020-11-06 15:48:13.390	0,2573	0,0713	0,9702	-19,9585	6,5918	30,0903	5,6030	-14,5844	-42,7094	30,03	3,68	-21	-54	-254	0,92493	-0,00101	-0,13574	-0,35498
0x50	 23:18:57.827	 2020-11-06 15:48:13.490	0,2563	0,2583	1,0068	-21,1182	-1,0986	42,5415	1,1371	-14,4910	-38,0347	30,09	3,68	-33	-37	-260	0,93820	-0,03177	-0,12247	-0,32208
0x50	 23:18:57.909	 2020-11-06 15:48:13.590	0,2456	-0,0908	0,9702	-22,0947	-1,6479	33,0811	-1,4008	-14,6173	-36,7548	30,11	3,68	-42	-27	-262	0,94070	-0,05164	-0,11688	-0,31418
0x50	 23:18:58.050	 2020-11-06 15:48:13.690	0,2490	-0,0859	0,9795	-0,6104	0,0610	-3,5400	-2,6642	-14,8206	-36,7932	30,08	3,68	-53	-15	-269	0,93976	-0,06256	-0,11505	-0,31573
0x50	 23:18:58.106	 2020-11-06 15:48:13.790	0,2632	-0,0674	0,9868	-6,6528	-1,9531	27,7100	-3,4882	-14,8975	-34,4421	30,04	3,68	-53	-13	-268	0,94550	-0,06717	-0,11484	-0,29718
0x50	 23:18:58.211	 2020-11-06 15:48:13.890	0,2441	-0,1758	0,9326	-1,9531	-1,3428	12,3901	-3,9606	-14,8810	-33,7665	30,07	3,68	-55	-9	-270	0,94693	-0,07040	-0,11389	-0,29211
0x50	 23:18:58.321	 2020-11-06 15:48:13.990	0,2534	0,0347	0,9873	-8,2397	-1,0986	32,8979	-5,7788	-14,9414	-30,5090	30,07	3,68	-62	-2	-270	0,95361	-0,08243	-0,11215	-0,26691
0x50	 23:18:58.425	 2020-11-06 15:48:14.090	0,2451	-0,1284	0,9702	-5,7373	-2,4414	24,7803	-7,0752	-14,8425	-27,5702	30,07	3,68	-69	6	-269	0,95929	-0,09015	-0,11063	-0,24359
0x50	 23:18:58.511	 2020-11-06 15:48:14.190	0,2456	-0,1592	0,9565	-3,7231	-0,9155	15,0757	-7,9761	-14,7162	-23,4778	30,07	3,68	-71	15	-268	0,96683	-0,09357	-0,11108	-0,21002
0x50	 23:18:58.613	 2020-11-06 15:48:14.290	0,2476	-0,1812	0,9497	-2,0142	-0,7935	12,4512	-8,6572	-14,5734	-19,8413	30,07	3,68	-76	18	-269	0,97263	-0,09555	-0,11169	-0,17984
0x50	 23:18:58.719	 2020-11-06 15:48:14.390	0,2227	-0,0723	0,9492	2,3193	-3,5400	10,0098	-9,1132	-14,5020	-15,3259	30,10	3,68	-80	22	-267	0,97867	-0,09488	-0,11420	-0,14185
0x50	 23:18:58.809	 2020-11-06 15:48:14.490	0,2344	-0,1235	0,9507	4,0894	-5,3101	9,2163	-9,2834	-14,6393	-11,4258	30,07	3,68	-83	22	-270	0,98264	-0,09253	-0,11838	-0,10867
0x50	 23:18:58.922	 2020-11-06 15:48:14.590	0,2485	-0,1543	0,9570	8,1177	-3,1128	2,0142	-9,0802	-14,8151	-7,9541	30,08	3,68	-85	21	-266	0,98544	-0,08722	-0,12277	-0,07874
0x50	 23:18:59.026	 2020-11-06 15:48:14.690	0,2534	-0,1230	0,9712	11,1694	-3,1738	6,9580	-8,1628	-15,1227	-5,1691	30,09	3,68	-87	20	-264	0,98734	-0,07642	-0,12793	-0,05396
0x50	 23:18:59.124	 2020-11-06 15:48:14.790	0,2485	-0,1445	0,9624	-0,7324	-0,2441	9,5215	-7,9486	-15,0677	-1,6205	30,03	3,68	-90	19	-262	0,98874	-0,07053	-0,12982	-0,02307
0x50	 23:18:59.209	 2020-11-06 15:48:14.890	0,2422	-0,1108	0,9404	9,7046	-5,5542	8,9722	-8,3936	-15,0238	2,3895	30,09	3,68	-90	18	-263	0,98871	-0,06982	-0,13190	0,01105
0x50	 23:18:59.332	 2020-11-06 15:48:14.990	0,2944	-0,1011	1,0327	13,3057	-6,7749	3,1128	-7,3114	-15,5072	6,0315	30,06	3,68	-95	18	-262	0,98792	-0,05600	-0,13779	0,04346
0x50	 23:18:59.416	 2020-11-06 15:48:15.090	0,3022	-0,1143	0,9775	9,5825	3,2349	1,1597	-6,2292	-15,6610	9,0363	30,07	3,68	-99	14	-255	0,98669	-0,04294	-0,13986	0,07053
0x50	 23:18:59.538	 2020-11-06 15:48:15.190	0,2622	-0,0791	0,9702	2,9297	1,5869	0,3052	-5,6744	-15,3809	12,1619	30,12	3,68	-97	10	-254	0,98489	-0,03461	-0,13812	0,09830
0x50	 23:18:59.620	 2020-11-06 15:48:15.290	0,2578	-0,1001	0,9678	2,9297	-0,2441	4,0283	-5,5536	-15,2271	14,7052	30,07	3,68	-97	5	-255	0,98270	-0,03067	-0,13739	0,12033
0x50	 23:18:59.707	 2020-11-06 15:48:15.390	0,2363	-0,0923	0,9668	-6,3477	1,9531	20,9351	-6,0040	-14,9469	17,6276	30,07	3,68	-97	3	-256	0,97946	-0,03140	-0,13632	0,14499
0x50	 23:18:59.809	 2020-11-06 15:48:15.490	0,2344	-0,1162	0,9507	-9,0942	0,2441	18,6768	-7,4762	-14,5020	21,8518	30,08	3,68	-104	9	-261	0,97348	-0,03964	-0,13593	0,17953
0x50	 23:18:59.910	 2020-11-06 15:48:15.590	0,2383	-0,1270	0,9727	-8,3008	0,0000	11,8408	-8,6847	-14,2548	25,5103	30,09	3,68	-105	20	-260	0,96707	-0,04596	-0,13727	0,20929
0x50	 23:19:00.011	 2020-11-06 15:48:15.690	0,2339	-0,1353	0,9565	-4,5166	0,0000	0,4272	-9,3823	-14,1174	28,8666	30,10	3,68	-108	24	-262	0,96036	-0,04810	-0,13882	0,23679
0x50	 23:19:00.116	 2020-11-06 15:48:15.790	0,2388	-0,1040	0,9858	-8,2397	3,4790	-7,9956	-9,7009	-14,0955	31,0913	30,10	3,68	-110	30	-259	0,95547	-0,04807	-0,14029	0,25504
0x50	 23:19:00.210	 2020-11-06 15:48:15.890	0,2188	-0,0908	0,9844	-14,7705	10,8643	-26,8555	-10,7556	-13,5406	31,6626	30,10	3,68	-105	33	-261	0,95413	-0,05753	-0,13834	0,25906
0x50	 23:19:00.318	 2020-11-06 15:48:15.990	0,2319	-0,1602	0,9702	6,1035	0,0000	-5,5542	-10,7336	-13,4253	30,3387	30,05	3,68	-97	31	-266	0,95718	-0,05917	-0,13666	0,24817
0x50	 23:19:00.405	 2020-11-06 15:48:16.090	0,2246	-0,1475	0,9429	13,6108	7,3242	-41,1987	-9,0417	-13,1451	31,3385	30,07	3,68	-91	26	-266	0,95593	-0,04459	-0,13104	0,25879
0x50	 23:19:00.506	 2020-11-06 15:48:16.190	0,2437	-0,0771	0,9629	1,5869	-0,9155	-9,9487	-8,2288	-13,4473	30,4321	30,03	3,68	-86	17	-269	0,95801	-0,03809	-0,13141	0,25189
0x50	 23:19:00.637	 2020-11-06 15:48:16.290	0,2324	-0,1724	0,9487	12,0239	-0,0610	-21,9727	-6,3226	-13,6560	29,3500	30,05	3,68	-82	5	-265	0,96069	-0,02289	-0,12872	0,24484
0x50	 23:19:00.745	 2020-11-06 15:48:16.390	0,2378	-0,0591	0,9746	15,8081	1,8921	-28,9917	-4,4714	-13,8263	27,6855	30,10	3,68	-74	-4	-267	0,96426	-0,00882	-0,12604	0,23276
0x50	 23:19:00.819	 2020-11-06 15:48:16.490	0,2417	-0,0454	0,9844	7,2021	-1,1597	-18,1274	-2,8729	-13,9801	24,6808	30,06	3,68	-69	-12	-263	0,96997	0,00165	-0,12418	0,20908
0x50	 23:19:00.901	 2020-11-06 15:48:16.590	0,2368	-0,0029	0,9707	7,8735	-0,2441	-17,2729	-1,7358	-14,0790	21,8243	30,07	3,68	-67	-17	-262	0,97473	0,00839	-0,12317	0,18604
0x50	 23:19:01.013	 2020-11-06 15:48:16.690	0,2275	-0,0210	0,9644	9,2773	0,7935	-27,8320	-0,1868	-14,1669	17,7759	30,07	3,68	-60	-26	-263	0,98047	0,01743	-0,12210	0,15311
0x50	 23:19:01.119	 2020-11-06 15:48:16.790	0,2710	0,1060	1,0093	5,4932	0,0000	-20,6909	0,8240	-14,3481	13,5516	30,10	3,68	-56	-30	-262	0,98508	0,02185	-0,12317	0,11795
0x50	 23:19:01.222	 2020-11-06 15:48:16.890	0,2363	-0,0415	0,9692	1,1597	-2,5635	-12,6953	1,8018	-14,4031	8,6023	30,11	3,68	-50	-39	-259	0,98901	0,02496	-0,12384	0,07635
0x50	 23:19:01.307	 2020-11-06 15:48:16.990	0,2251	0,0132	0,9531	3,1128	-0,9766	-15,0146	2,3950	-14,4745	4,6857	30,07	3,68	-47	-40	-261	0,99084	0,02588	-0,12500	0,04318
0x50	 23:19:01.402	 2020-11-06 15:48:17.090	0,2261	0,0415	0,9570	2,2583	-1,2207	-6,2256	2,8235	-14,5129	1,7084	30,03	3,68	-44	-44	-261	0,99152	0,02634	-0,12589	0,01791
0x50	 23:19:01.509	 2020-11-06 15:48:17.190	0,2354	0,0654	0,9648	3,1128	0,1221	-4,8828	3,1805	-14,5239	-1,0712	30,10	3,68	-44	-42	-261	0,99158	0,02637	-0,12665	-0,00577
0x50	 23:19:01.605	 2020-11-06 15:48:17.290	0,2334	0,0522	0,9624	0,9766	0,1831	-0,6714	3,4827	-14,4580	-3,6969	30,07	3,68	-41	-44	-263	0,99118	0,02606	-0,12668	-0,02817
0x50	 23:19:01.714	 2020-11-06 15:48:17.390	0,2300	0,0391	0,9604	1,1597	-0,6104	0,8545	3,6420	-14,4580	-5,8722	30,06	3,68	-42	-47	-259	0,99045	0,02505	-0,12723	-0,04678
